nu	A2	M12	M22	A3	M13	M23	M33	A4	M14	M24	M34	M44
0	0.7936119441653589	0.0	0.0	0.7936119441653589	0.0	0.0	0.0	0.7936119441653589	0.0	0.0	0.0	0.0
1	0.21944237362984523	1.450556651213884	0.1238322853908677	0.23357624360425483	1.450553080845188	0.11605157073897408	0.0009647248967146425	0.17696003508711433	1.4294591718773573	0.16960133858188317	0.008763128428223587	-0.005764624074806025
2	0.019799865876534775	1.9463759100247955	0.4632721087576674	0.01987112916871526	1.9149337138958147	0.45848226800291647	0.0281039643094407	0.018610358705292342	1.8883457213459243	0.688127722086825	0.24695498140713512	-0.34512643267353993
3	0.00418448355360752	2.243962338405124	0.5078090628754359	0.0041900836510200025	2.2635483485283188	0.5059034517881302	-0.019827303473203977	0.00390654873263411	2.2436527464781144	0.7220687691723522	0.0037808841253553233	-0.2420930799086912
4	0.0009853121190481228	2.434051876530865	0.49540615420057094	0.000987395209668996	2.46224876062418	0.4919879039968755	-0.027902075295471444	0.0009299085307449592	2.4732529560770575	0.6471851179725531	-0.09451121626480201	-0.1244616541073626
5	0.00024260296592131222	2.5682405633956513	0.47361292498908447	0.0002426950800501064	2.5870730510748943	0.4725736720115275	-0.017997732896926837	0.00023100825371812734	2.607808992165405	0.5873231304919214	-0.07572153322877818	-0.07443288496163263
6	6.090771139429491e-05	2.6705008429516264	0.4564917291339708	6.0893678007576224e-05	2.6753438462452763	0.45662508130462626	-0.0044640382271161575	5.796288139889417e-05	2.7044300714187295	0.5703039558868302	-0.06245337716270235	-0.07357252307547783
7	1.5442787690301628e-05	2.753521831961943	0.4458017635481982	1.5452255270856472e-05	2.7470641990790288	0.44525059970027947	0.005745156877964063	1.4662223949157932e-05	2.7870612461549635	0.5716354086074861	-0.06497182300659382	-0.09003911512047635
8	3.9423137248282345e-06	2.824324389433008	0.4397494280733861	3.94704273684693e-06	2.8129777943705694	0.4386010380205103	0.009819695322757487	3.7439160723721767e-06	2.86131400061777	0.5757379983340677	-0.0774992805541713	-0.10977896519507288
9	1.012523381930993e-06	2.886877468934185	0.43624723920117175	1.0132256686669148e-06	2.8782196064169074	0.43559091714316367	0.007371376966647597	9.63648275570857e-07	2.9296238019078684	0.5792051948619956	-0.0980868730037497	-0.12939139123388527
10	2.615475660476183e-07	2.9434967970759924	0.433764564972888	2.615420468888493e-07	2.9442485032133687	0.4337791034735625	-0.0006336079886603226	2.496669418307245e-07	2.9938154653094866	0.580864763771778	-0.12635430104568407	-0.1472909100226834
11	6.792825177888857e-08	2.9955886214950835	0.43134409499220144	6.796797126907266e-08	3.010324334265628	0.430517827796387	-0.012260510791871052	6.505318179850922e-08	3.0556500265711906	0.5792813290510985	-0.1624220842453391	-0.1611902349607565
12	1.7731234488460207e-08	3.044041963452056	0.42844115029092644	1.7794548820126125e-08	3.074802674980628	0.4241265662566216	-0.025014506348256683	1.704090712813872e-08	3.1166342751484626	0.5725496721886749	-0.2050790150522287	-0.16817925506275644
13	4.649829206492888e-09	3.0894411178370706	0.42477627500080134	4.692650497787136e-09	3.1360441653634927	0.4142450759120657	-0.03659945544465952	4.487876968993667e-09	3.1772407272633894	0.5590984739849404	-0.24935908111669616	-0.1663706650415788
14	1.2245221689466754e-09	3.132185456470787	0.4202319210483774	1.2455403999413768e-09	3.1928794510781255	0.4014952504093498	-0.04558197287477421	1.1883586160237768e-09	3.2368849314247066	0.5384111139014875	-0.28759489929434034	-0.15598323391568897
15	3.2371404694528746e-10	3.17255922786067	0.41478535714176107	3.3238285930223155e-10	3.2447250018025224	0.38692003895012456	-0.05153417358363193	3.1637127411530894e-10	3.294524680645452	0.5110674616627418	-0.312878455280108	-0.13896741797849144
16	8.58760355224275e-11	3.2107734433460067	0.4084665064100326	8.907965084118182e-11	3.2915002079787854	0.37153981880007597	-0.05474360271869014	8.46675213754408e-11	3.3491077708293577	0.47843101808742644	-0.32150128664605204	-0.11807732643064811
17	2.285412541562683e-11	3.246990653968707	0.4013367787486308	2.3951949034841212e-11	3.333459725901017	0.35614513830160827	-0.05581446442333798	2.276723026166881e-11	3.3995649921933913	0.44267004319429837	-0.31369797063289256	-0.09632336127146861
18	6.099899380480987e-12	3.281342160115976	0.393471948621115	6.456125033519987e-12	3.3710567236256046	0.3412337995285976	-0.055387712181156755	6.14793129681557e-12	3.445182893165919	0.40600095173248113	-0.29291783187034853	-0.07598132186211014
19	1.6324895727714977e-12	3.3139197547206	0.3849417507427376	1.7434023204766074e-12	3.40477691960899	0.32707536621560873	-0.05399125938314774	1.6651005423737913e-12	3.4851888442350623	0.3712363857244673	-0.2646914564884339	-0.05879412355648941
20	4.3808340209302204e-13	3.3448253094688027	0.3756843660839985	4.71583715877461e-13	3.435123873210251	0.3135950633786723	-0.05198188653012714	4.5449472854544147e-13	3.522198431553929	0.33324625996290325	-0.22917216815386757	-0.0428659662053476
21	1.1778961876259868e-13	3.374281504721985	0.3661510737762349	1.2759720197718775e-13	3.4626616588506636	0.30139600620609314	-0.049732199815633045	1.2111937932166316e-13	3.5444281552387893	0.3274027698503067	-0.216681617408686	-0.03935998072258308
22	3.168477136563881e-14	3.402442720163881	0.3575031326604874	3.451463200979169e-14	3.488619237955746	0.2904803185273562	-0.047666725900228704	3.571762108128025e-14	3.6099285347636565	0.22223396516438315	-0.14242917005851924	-0.016458144701028434
23	8.569124931309097e-15	3.4292720141529682	0.34656263768355283	9.397641282768812e-15	3.512095201787936	0.2774943745892736	-0.04491814779145183	1.0249130854300236e-14	3.6763093930526916	0.11153710503590036	-0.06429920339640123	0.0014611015782263538
24	2.483860816591057e-15	3.452848130876747	0.2931423475856281	-inf	nan	nan	nan	-inf	nan	nan	nan	nan
25	6.943965665485163e-16	3.435275854355059	0.33026863943963386	7.468333977656283e-16	3.513872116470324	0.22400595581425684	-0.03326619839697923	inf	nan	nan	nan	nan
26	2.274496648417784e-16	3.5074052937138425	0.5374980354526642	-inf	nan	nan	nan	1.026446097398847e-16	3.1997655217731897	1.6677181609976237	13.386136589438317	-21.086351959724464
27	-9.931571950957848e+92	2.694368562382027	-0.19038627256992466	inf	nan	nan	nan	inf	nan	nan	nan	nan
28	2.44286565744067e-17	3.895448350996406	6.610870045021432	-2.2300349804987387e+306	67.85555687652003	-inf	nan	inf	nan	nan	nan	nan
29	-4.343362670411869e-18	5.559912380486722	-10.160034512063955	-inf	nan	nan	nan	-2.090055911763608e+303	nan	nan	nan	nan
30	1.4868981662964573e-17	2.287431096017252	7.225830255650498	1.1579547778784598e-17	-11.68909979416804	69.98120139019692	-249.94597429686496	2.2335411132444577e-17	-17.359076411720064	107.09710110787321	-412.5099775345007	-1125.5207962991765
31	-8.258120202958826e-19	11.502570981663133	-124.63918547861269	-2.9767063562788545e+304	nan	nan	nan	-1.2827538358904425e+304	nan	nan	nan	nan
32	-1.0691990284875965e-17	-7.894340179434355	-145.5787064946564	inf	nan	nan	nan	-4.021345814995213e+305	-189.93301239292833	-inf	nan	nan
33	-2.6668131889497996e-18	-4.087300904161574	-47.97134177458306	-inf	nan	nan	nan	-inf	nan	nan	nan	nan
34	-0.002724574513198969	2.187427082569273	-1.5006958341957264	inf	nan	nan	nan	inf	nan	nan	nan	nan
35	-7.140398699459996e-18	2.887129077382369	-1.7497972823432288	inf	nan	nan	nan	inf	nan	nan	nan	nan
36	-4.757336060575879e-18	-1.2867081427486955	-26.562605362124714	-inf	nan	nan	nan	inf	nan	nan	nan	nan
37	1.0117984449793329e-17	4.711576098270899	0.6249863234731237	-inf	nan	nan	nan	inf	nan	nan	nan	nan
38	-5.340425338408475e-18	8.663183702966517	-12.899555675198386	-inf	nan	nan	nan	4.680514872810682e+306	86.63462235773076	-inf	nan	nan
39	-8.012689216645644e-18	5.146768764162192	-5.813753862480937	inf	nan	nan	nan	-1.2183097725847654e+304	nan	nan	nan	nan
