0  1.07307619276870329306974  8.42050104278269310153722e-22  1.09419959261824286127131  -4.75579146178964444194034e-21  1.16702415387516496173091  2.19763188829428137568007e-21  1.04245105384225858285129  -1.40896230393488990680283e-20  1.11213336591700651242651  -5.78263566962094754647316e-21  1.09972816847778061830412  -2.49545130764988989786571e-21  
0.15707963267948966192564  1.07188317791503309836954  0.0125631406146324471289721  1.0925692007426063687885  0.0165213800655784228663169  1.16357958680317209970538  0.0311401512737415753009364  1.04185307479408770171998  0.00694402230963544721064435  1.11018437393975814354071  0.0197017120098134422395404  1.09802723647556227978394  0.0174055478162844131574563  
0.314159265358979323851281  1.06837394101587511213367  0.0246099617991717551276887  1.08778777303325150890324  0.0322945931858329432839814  1.15358128698357913363096  0.0604246479339950540583511  1.04008249304335757769082  0.013667592943378409597573  1.10446882857256978164098  0.0385072115100960977982533  1.0930347143257539454294  0.0340424275606601578757519  
0.471238898038468985776921  1.06274856194255972255402  0.0356693744974911845752692  1.08016710982849298728226  0.0466486391615289448862695  1.13795520274834282030071  0.0862837015711996029986713  1.0372076310026077770746  0.0199617489888334778111488  1.09536032554336878531206  0.0556124217860877189555839  1.08506474130197359036915  0.0492177459654001343863266  
0.628318530717958647702562  1.05531174752931736519554  0.0453522874442048584551134  1.07017398051410678096879  0.059049819757726628187194  1.11801256051644469209725  0.107626399957931978689928  1.0333367972545028433233  0.0256393008884152269374586  1.08341867252712242516207  0.0703774590700764181647056  1.07459005545009097636749  0.0623742266733295479009267  
0.785398163397448309628202  1.04643707562004733993642  0.0533741472584807302140166  1.05836666432990861015477  0.0691341668622666253993985  1.0952019588983573298701  0.123897834967068819754001  1.02861076219571490302906  0.0305429291122303156913887  1.06931422743246070197233  0.082365918389321543063809  1.06218032721664090982806  0.0731238656624517356608876  
0.942477796076937971553843  1.0365287936366522689299  0.0595616087781416829135574  1.04533061160458842406805  0.0767107109374494225325627  1.07089822737173980709332  0.135018557827416857926371  1.02319367273641698341292  0.034550489194305726169034  1.05375079850223217904463  0.0913494642404990972781422  1.04843858703261513505654  0.0812535154833491206360658  
1.09955742875642763342527  1.02598783828653227108429  0.0638455065546935548439957  1.03162536672180603673169  0.0817418281024161414908104  1.04626966390356561798902  0.141259285690818704706549  1.01726347631846421586555  0.0375773627328958621665947  1.03740157983647674009697  0.0972848754983575909384159  1.03394748820966981466083  0.0867077230602780466342788  
1.25663706143591729540512  1.01518620036765307970607  0.0662445805825330384197618  1.0177487731428248349903  0.0843104993814105578239272  1.022224880597442466185  0.1431037047781644433274  1.0110028217564545500182  0.0395760937040759178345926  1.02086549228016524606087  0.10027505813833155435752  1.0192316901305667677536  0.0895578111705505612214449  
1.41371669411540695738497  1.00445093936142867746195  0.0668448897581828085950233  1.00411872406950376801493  0.0845839016853279587358425  0.999417523750133891065252  0.141132682185364038241837  1.00459116694913714283588  0.040533838667612677989947  1.00464451196026188979117  0.100525218117937292642335  1.00473725817805164194866  0.0899662000282556431678084  
1.5707963267948966192564  0.994056988521732275262879  0.0657790073753495489836812  0.991069100361523834443606  0.0827800241302670814343362  0.978282633875241780844166  0.135942123654847986285511  0.99819852644189818150107  0.0404683058472008296880835  0.989138200197734296099505  0.0983022930130566507120685  0.990825360051959157714138  0.088152692118303085071088  
1.72787595947438628112783  0.984226725841095028356718  0.0632076767949198432665087  0.978855240514147565268448  0.0791407972397083235625934  0.959084142818185250082934  0.128092963747715599036954  0.991981004178067180118358  0.0394228711986146853089516  0.974649986324342302332173  0.0939019950110851943239978  0.977776023718799113752104  0.0843665204360490617887212  
1.88495559215387594310769  0.975133998972827592674126  0.0593052178776102407694367  0.967664604468442911874154  0.0739126652537768770006568  0.941961179932226175118889  0.118085922883859675619131  0.986078025476798193096548  0.0374614746318290747008643  0.961400018318917339184542  0.0876247633101528148789026  0.96579777543343885382  0.0788654820673055515834783  
2.04203522483336560497912  0.966910559745799687758529  0.0542489337291848378866041  0.957629352923464766339859  0.0673339729171022964815093  0.926967493600757727492765  0.106352891977938837444226  0.980611027823120049611624  0.0346637603287183463567165  0.949540585377890947779266  0.0797600104526980525204965  0.955039836200192032115031  0.0719018605746376608081789  
2.19911485751285526685055  0.959653368417014774433785  0.0482121419197627390040937  0.948838735313576299543366  0.0596278468958390937571532  0.914102439653176975897352  0.0932582825660815056549222  0.975683291118084469511953  0.0311207707349598540903356  0.939171485462993338607079  0.0705771550568135214772519  0.945604621099530687623573  0.063714034458388905010867  
2.35619449019234492893882  0.953431751146726517130454  0.0413601736408495109447543  0.941350144345828869615802  0.050999131642665796850856  0.903334090012353334373917  0.0791056679634290397674771  0.971380569985187111660321  0.0269313618673401304913278  0.930353868024321691173033  0.0603217329579867212659161  0.937559222755049640320255  0.0545224365727101628321906  
2.51327412287183459081025  0.94829382620597759578256  0.033848632797988298898204  0.935198363316448374950481  0.0416341141758522378688392  0.894615822796893516712872  0.0641467685548247519566889  0.967772213994593886272552  0.0221993928478154080356994  0.923121903874623237493471  0.0492150503266498440477499  0.93094524669546509183576  0.0445286211354660345289693  
2.67035375555132425268168  0.944271922508595241974039  0.0258232797688632047738381  0.930402933754980757835064  0.0317020523279732967697779  0.887897877509473891922531  0.048591095115078559411333  0.964912507691368200556103  0.0170316593617704047618081  0.917492142028026926535694  0.0374561592460782313786152  0.925786804637192265539283  0.0339164252836104072175291  
2.82743338823081391476995  0.941386907680929692723328  0.0174210267115183524273239  0.926973774988370300678339  0.0213578013547474916210397  0.883135179300992255728604  0.0326153964751071058314838  0.96284201665970462407718  0.0115364864825036324310465  0.91347068213623159590531  0.0252252678719382264332634  0.922096714250713607018833  0.0228544691528958850681638  
2.98451302091030357664138  0.939651447632182414669306  0.00877165818579818031381311  0.924915262769260236521036  0.0107450683145500950100583  0.880292459955585818707526  0.0163725709154165716602064  0.961588779062245716932212  0.00582286499120670880672219  0.91105839953309183801896  0.0126879827058536860114019  0.919881061306868697262807  0.0114994668519475054355064  
3.14159265358979323851281  0.939072262535337195469166  2.11467198099501531426227e-21  0.924228973895490664891735  -3.27519819508079859825669e-21  0.879347424069505867710427  -4.15046140792553903622211e-21  0.961169229194118798689089  1.06729953783897274467466e-21  0.910254470337814675204476  -6.7967149177069601869653e-23  0.919142302581950964483846  -1.17239853005409192704175e-21  
3.29867228626928290060108  0.939651447632182414669306  -0.00877165818579818032567157  0.924915262769260236683667  -0.0107450683145500950236109  0.880292459955585818653315  -0.0163725709154165716856174  0.961588779062245717311683  -0.00582286499120670880672219  0.91105839953309183812738  -0.0126879827058536860317307  0.919881061306868697425437  -0.0114994668519475054558351  
3.45575191894877256225567  0.941386907680929692398067  -0.0174210267115183524205477  0.926973774988370300569919  -0.0213578013547474916312041  0.883135179300992255728604  -0.0326153964751071058348719  0.96284201665970462429402  -0.0115364864825036324378228  0.91347068213623159590531  -0.0252252678719382264332634  0.922096714250713606964623  -0.0228544691528958850681638  
3.61283155162826222434394  0.944271922508595242028249  -0.0258232797688632047738381  0.930402933754980757997694  -0.0317020523279732967697779  0.887897877509473892085161  -0.0485910951150785594316618  0.964912507691368200935574  -0.0170316593617704047685843  0.917492142028026926589904  -0.0374561592460782313853914  0.925786804637192265864543  -0.0339164252836104072175291  
3.76991118430775188621537  0.948293826205977595565719  -0.033848632797988298898204  0.93519836331644837489627  -0.0416341141758522378552867  0.894615822796893516712872  -0.0641467685548247519566889  0.967772213994593886109922  -0.0221993928478154080356994  0.923121903874623237114001  -0.0492150503266498440409736  0.930945246695465092106811  -0.0445286211354660345764032  
3.9269908169872415480868  0.953431751146726517130454  -0.0413601736408495109854119  0.941350144345828869724222  -0.0509991316426657968373035  0.903334090012353334536548  -0.0791056679634290398149109  0.971380569985187111822951  -0.0269313618673401305048803  0.930353868024321691118823  -0.0603217329579867212862448  0.937559222755049640266045  -0.0545224365727101628457431  
4.08407044966673120995823  0.959653368417014774108525  -0.0482121419197627390718563  0.948838735313576299705996  -0.0596278468958390937842582  0.914102439653176975897352  -0.0932582825660815056278172  0.975683291118084469349322  -0.0311207707349598540903356  0.939171485462993338769709  -0.0705771550568135214636994  0.945604621099530687731993  -0.0637140344583889049973145  
4.24115008234622087226334  0.96691055974579968786695  -0.0542489337291848379001566  0.957629352923464766339859  -0.0673339729171022965086143  0.926967493600757727492765  -0.106352891977938837498436  0.980611027823120049774254  -0.0346637603287183463567165  0.949540585377890948050317  -0.0797600104526980526018116  0.955039836200192032386082  -0.0719018605746376608759416  
4.39822971502571053370109  0.975133998972827592511495  -0.0593052178776102407423317  0.967664604468442911711524  -0.0739126652537768769735517  0.941961179932226175389939  -0.118085922883859675632683  0.986078025476798193259178  -0.0374614746318290747008643  0.961400018318917339347172  -0.0876247633101528148653501  0.96579777543343885382  -0.0788654820673055516105834  
4.5553093477052001960062  0.984226725841095028465139  -0.0632076767949198432529562  0.978855240514147565376868  -0.0791407972397083235354884  0.959084142818185250028724  -0.128092963747715599050507  0.991981004178067180064148  -0.0394228711986146852547415  0.974649986324342302332173  -0.0939019950110851943239978  0.977776023718799113426843  -0.0843665204360490618158263  
4.71238898038468985787763  0.994056988521732275262879  -0.0657790073753495489701287  0.991069100361523834335185  -0.0827800241302670814343362  0.978282633875241780464695  -0.135942123654847986217748  0.998198526441898181284229  -0.0404683058472008296609784  0.989138200197734295991085  -0.098302293013056650752726  0.990825360051959157714138  -0.0881526921183030850304304  
4.86946861306417951974906  1.00445093936142867757037  -0.0668448897581828086085758  1.00411872406950376801493  -0.0845839016853279587358425  0.999417523750133891282093  -0.14113268218536403825539  1.00459116694913714305272  -0.0405338386676126779357369  1.00464451196026189022485  -0.100525218117937292696545  1.0047372581780516421655  -0.0899662000282556432220185  
5.02654824574366918162049  1.0151862003676530798145  -0.0662445805825330384197618  1.0177487731428248349903  -0.0843104993814105577968222  1.022224880597442466185  -0.143103704778164443259638  1.01100282175645455012662  -0.0395760937040759178616976  1.02086549228016524595245  -0.100275058138331554343967  1.01923169013056676764518  -0.0895578111705505612078924  
5.18362787842315884349192  1.02598783828653227119272  -0.0638455065546935548711008  1.03162536672180603673169  -0.0817418281024161415043629  1.04626966390356561766375  -0.141259285690818704679444  1.01726347631846421608239  -0.0375773627328958621394896  1.03740157983647673998855  -0.0972848754983575908977583  1.03394748820966981466083  -0.0867077230602780466884889  
5.34070751110264850536336  1.03652879363665226903832  -0.0595616087781416828728998  1.04533061160458842417647  -0.0767107109374494224919051  1.07089822737173980687648  -0.135018557827416857885713  1.02319367273641698341292  -0.034550489194305726141929  1.05375079850223217893621  -0.0913494642404990972510371  1.04843858703261513473128  -0.0812535154833491206360658  
5.49778714378213816723479  1.04643707562004733961115  -0.0533741472584807302004641  1.05836666432990860972109  -0.0691341668622666254536086  1.09520195889835733008694  -0.123897834967068819767553  1.02861076219571490248696  -0.0305429291122303157184938  1.06931422743246070229759  -0.0823659183893215431315716  1.06218032721664090961122  -0.0731238656624517356608876  
5.6548667764616278295399  1.05531174752931736508712  -0.0453522874442048584822185  1.07017398051410678129405  -0.059049819757726628187194  1.11801256051644469177199  -0.107626399957931978662823  1.03333679725450284343172  -0.0256393008884152269916687  1.08341867252712242527049  -0.0703774590700764182189158  1.07459005545009097658433  -0.0623742266733295479415843  
5.81194640914111749097765  1.06274856194255972233718  -0.0356693744974911845617167  1.08016710982849298728226  -0.0466486391615289448862695  1.13795520274834282051755  -0.0862837015711996030122239  1.03720763100260777718302  -0.0199617489888334777840438  1.09536032554336878531206  -0.0556124217860877189149264  1.0850647413019735901523  -0.049217745965400134372774  
5.96902604182060715328276  1.06837394101587511202524  -0.0246099617991717551005837  1.08778777303325150857798  -0.0322945931858329432026663  1.15358128698357913352254  -0.0604246479339950539838122  1.04008249304335757769082  -0.0136675929433784095433629  1.10446882857256978164098  -0.0385072115100960977372669  1.09303471432575394521255  -0.0340424275606601578283181  
6.12610567450009681515419  1.07188317791503309793586  -0.0125631406146324471154196  1.09256920074260636900534  -0.0165213800655784228629288  1.16357958680317209970538  -0.0311401512737415752873839  1.04185307479408770171998  -0.0069440223096354471835393  1.11018437393975814354071  -0.0197017120098134422259879  1.09802723647556227978394  -0.0174055478162844131439038  
