0  1.16630898951121101444345  -3.96461019894561389393831e-21  1.12743400415630324956032  -4.60293906850534978562523e-21  1.1506181669013797906273  -7.97335179759179528530984e-21  1.15038341216226677786796  4.54661597796120386803523e-21  1.11556127223200210636656  -2.73748734841746023338195e-22  1.01764078282916418656361  -1.74051361175916558342458e-23  
0.15707963267948966192564  1.16278340542220171190124  0.0312989791628516651532204  1.12509084684042963994764  0.0228269429769310344568892  1.14735188049873598292814  0.0285712568286338735269931  1.14702384392705423435573  0.0288332896221153536514146  1.11335853192799020280977  0.0209544519266863830820181  1.01740813629897036620298  0.00282286295867025629525732  
0.314159265358979323851281  1.15257090890620615621261  0.0606499255833952751406518  1.11824110500182302306224  0.0445160589818093595129538  1.13790576676632733789732  0.0553019642950383233799246  1.13732754439303011253712  0.0557276374929195340260542  1.10693387688750735479721  0.0408011680334654368729891  1.01671757114273857483793  0.00556635029176803570896779  
0.471238898038468985776921  1.13667099447912124177747  0.0864249749021500732751788  1.10739094047341683074714  0.0640649740053721483191464  1.12324360356378334115622  0.0786681909764367697320995  1.12233399459462977439464  0.079095530429204818556794  1.09680077810332753714823  0.0585772538310869884253806  1.01559083633562663938864  0.00815413150871018979962395  
0.628318530717958647702562  1.11648257733213651763  0.107525688237881784342751  1.0932852391321619073359  0.0807079497436546120984037  1.1047031471600952118187  0.097665025605449102430065  1.10347183660793373913278  0.0979195400609084495299273  1.08370501063725724289963  0.0735692324010294529341774  1.01406296852568139751829  0.0105157541474864401346212  
0.785398163397448309628202  1.09352591492278211702648  0.123433656948135052669989  1.0767932434965904980699  0.0939630729600260790687497  1.08372091083803527144114  0.111847911360525380803223  1.08225368457837672442161  0.111787064496305835477438  1.06850067122695966868005  0.0853557382698260867353321  1.0121805952033466617819  0.0125890789018941113609502  
0.942477796076937971553843  1.06921491410308657627175  0.134129644631007342750299  1.05879843566588684189173  0.103625797996887497343663  1.0616127280294898740454  0.121244269932081526056685  1.060040535812797450675  0.120782171019808935911555  1.05203568490463134662942  0.0937914845608400032613613  1.00999978097920165996584  0.0143221797434540892119629  
1.09955742875642763342527  1.04472341716176788555589  0.139946993490328164990561  1.0401143866057287934359  0.109724217163829786272173  1.03945116725560531033886  0.126204527670693585625957  1.03791805694462538475417  0.125316363493822995441506  1.0350698008956351399857  0.0989526720696436911734383  1.00758359796569770775333  0.0156746327496052495107607  
1.25663706143591729540512  1.0209408782031817762093  0.141420167151899700837378  1.02143462999284714615069  0.112456487263447252954282  1.0180314311879044154429  0.127253719268187937531064  1.01667030680996907203439  0.125966755723812098009037  1.01823116348119794964157  0.10106792244563673666591  1.0049996047713430705195  0.0166181805833782386217033  
1.41371669411540695738497  0.998488614145425981011035  0.139163257679623292300966  1.00331355634161415888925  0.112127632760654273293361  0.997894462727654308329718  0.124976481964292966830182  0.996812968892725828466174  0.123355420571058268876838  1.00200531540679136624419  0.10045314468163550916354  1.00231740044482572275612  0.0171368156336005459294738  
1.5707963267948966192564  0.977765845060260927466052  0.133788379613440468722399  0.986169757435365433118155  0.109096163171943283341499  0.979375983589298051252506  0.11994288477167524210236  0.978650883471381406047713  0.118075031105224946971054  0.986745550663455024123158  0.0974599816072792478972896  0.999606385867810721458128  0.0172263670096281706542712  
1.72787595947438628112783  0.959003427082004764015703  0.125859311771075122710311  0.97030245132544301665898  0.103734510181353783230093  0.962660161729879904513475  0.11266869975285194043239  0.962337346635418171801601  0.110651632592410243240491  0.97269402780303121738327  0.0924402289337981996312924  0.99693382306180591313511  0.0168937017465663771409283  
1.88495559215387594310769  0.942313199992189083761211  0.115870662299959720394071  0.955913440802324279599311  0.0964029852150093339159358  0.947827012128313311524735  0.103599596904550459626764  0.94792456332940733569007  0.101532074354685836070785  0.960005979990486491828725  0.0857244066306651002451174  0.994363239814642241515882  0.0161556589571124788315068  
2.04203522483336560497912  0.927728197590556462976893  0.104243136425208518712157  0.943129623342572008190283  0.0874348620201066055690432  0.934889808405331498126437  0.0931097431742103193277925  0.935402304624229137162365  0.0910855684268516876240206  0.948772531999480132468977  0.0776110615401815989819901  0.991953188555612017682055  0.0150378300058162735517798  
2.19911485751285526685055  0.915233127952991346628752  0.0913277782066837233538258  0.932023324897386213315487  0.0771296424200084607841234  0.923822611141848453581403  0.08150792899141919536823  0.924725611215533768207087  0.0796121317974254062813403  0.939040070441903906958876  0.0683633536805252134871316  0.989756337994685980643389  0.0135732821499135699108967  
2.35619449019234492893882  0.904786389413847458285632  0.0774145023019309040323795  0.922629318576491437456453  0.0657518427028750578663269  0.914579570706433780729813  0.069046896529114561341428  0.915833733129665806399489  0.0673535594171241876410364  0.930825637220762563397644  0.0582101363567110522534822  0.987818855078252410796807  0.0118013017954558002985165  
2.51327412287183459081025  0.896335427522618050902217  0.062742150830430537259883  0.914958341187253680365944  0.0535332259895725604949908  0.907107984413973897049391  0.0559334413121286055437832  0.908662616171190265490758  0.0545046085064043404550048  0.924128609987597071943801  0.0473495429168151352959095  0.986180023037004152835095  0.00976621032147668769981316  
2.67035375555132425268168  0.88982715337414327217043  0.0475086122277718255138969  0.90900740137489992879127  0.0406770164010145297527597  0.901356872687910923801734  0.0423380910656266072226777  0.903152883408809246403547  0.041223336899112729476871  0.918939252674173542878057  0.0359537937988531504634321  0.984872037397580571253548  0.00751628313811783110994728  
2.82743338823081391476995  0.885214830481103900742829  0.0318803447336904776056234  0.904767354470590282175448  0.0273631422453505650260221  0.897282459059519364491693  0.0284038960268521082210089  0.899254787856705088200989  0.0276402542053999577868707  0.915244773258144400022822  0.0241744639101447199401997  0.983919924015562258779333  0.00510278303782928126979337  
2.98451302091030357664138  0.882462486407951246622679  0.0160011129852060439604413  0.902228231622813013818908  0.0137539380074046588971171  0.894851561586311065388862  0.0142542666368398375525582  0.896931183263812167676642  0.0138663195811237575747084  0.913033452741845650212863  0.0121478113372238820116421  0.98334152965828198897846  0.00257910283775979262625819  
3.14159265358979323851281  0.881547591381636033063332  -3.82849022634897759383637e-21  0.901382738672420483585276  -7.53038421055129632649266e-22  0.894043586145717603878413  2.62169727300088361539266e-21  0.896159216503143794536716  -3.8911275057556531696953e-21  0.91229728726364227390502  -5.3260113278276227193974e-21  0.983147544873495697669106  4.2904655533248818975781e-21  
3.29867228626928290060108  0.882462486407951246622679  -0.0160011129852060439909345  0.902228231622813013656278  -0.0137539380074046589293044  0.894851561586311065226232  -0.0142542666368398375881336  0.896931183263812167785062  -0.0138663195811237576085897  0.913033452741845650212863  -0.0121478113372238820438293  0.983341529658281989357931  -0.00257910283775979264319885  
3.45575191894877256225567  0.885214830481103900580199  -0.0318803447336904776327285  0.904767354470590282067028  -0.0273631422453505650260221  0.897282459059519364329063  -0.0284038960268521082345615  0.899254787856705088200989  -0.0276402542053999578071995  0.915244773258144399968612  -0.0241744639101447199571403  0.983919924015562258941964  -0.00510278303782928126979337  
3.61283155162826222434394  0.88982715337414327238727  -0.0475086122277718255342257  0.90900740137489992889969  -0.0406770164010145297527597  0.901356872687910923964364  -0.0423380910656266072362303  0.903152883408809246457757  -0.0412233368991127294633185  0.918939252674173542932267  -0.0359537937988531504634321  0.984872037397580571416178  -0.00751628313811783110317101  
3.76991118430775188621537  0.896335427522618050848006  -0.062742150830430537259883  0.914958341187253680636994  -0.0535332259895725604949908  0.90710798441397389688676  -0.0559334413121286055437832  0.908662616171190265599179  -0.0545046085064043404685573  0.924128609987597072052221  -0.0473495429168151353162383  0.986180023037004152672465  -0.00976621032147668771336568  
3.9269908169872415480868  0.904786389413847458177212  -0.0774145023019309040256033  0.922629318576491437564873  -0.0657518427028750578527743  0.914579570706433781055074  -0.0690468965291145613617568  0.915833733129665806507909  -0.0673535594171241876410364  0.930825637220762563235014  -0.0582101363567110522399296  0.987818855078252410742597  -0.0118013017954558002443064  
4.08407044966673120995823  0.915233127952991346466122  -0.091327778206683723333497  0.932023324897386213315487  -0.0771296424200084607705709  0.923822611141848453635613  -0.08150792899141919536823  0.924725611215533768207087  -0.0796121317974254062813403  0.939040070441903906958876  -0.0683633536805252134600265  0.989756337994685980860229  -0.0135732821499135699108967  
4.24115008234622087226334  0.927728197590556462868473  -0.104243136425208518725709  0.943129623342572007865022  -0.0874348620201066055825957  0.934889808405331497746966  -0.0931097431742103193684501  0.935402304624229136945524  -0.0910855684268516875969155  0.948772531999480132252137  -0.0776110615401815989684376  0.991953188555612017465214  -0.0150378300058162735111222  
4.39822971502571053370109  0.94231319999218908354437  -0.115870662299959720366966  0.955913440802324279707732  -0.0964029852150093339430408  0.947827012128313311578945  -0.103599596904550459613211  0.94792456332940733579849  -0.101532074354685836070785  0.960005979990486491937145  -0.0857244066306651002722225  0.994363239814642241407461  -0.0161556589571124788044017  
4.5553093477052001960062  0.959003427082004764232543  -0.125859311771075122750969  0.97030245132544301682161  -0.103734510181353783297856  0.962660161729879904350844  -0.112668699752851940445943  0.962337346635418171693181  -0.110651632592410243321806  0.97269402780303121716643  -0.0924402289337981996312924  0.99693382306180591340616  -0.0168937017465663771951384  
4.71238898038468985787763  0.977765845060260927574473  -0.133788379613440468695294  0.986169757435365433389206  -0.109096163171943283314393  0.979375983589298051198296  -0.11994288477167524210236  0.978650883471381406156133  -0.118075031105224946943949  0.986745550663455024231578  -0.0974599816072792479108421  0.999606385867810721458128  -0.0172263670096281706813762  
4.86946861306417951974906  0.998488614145425981173665  -0.139163257679623292273861  1.00331355634161415888925  -0.112127632760654273212046  0.997894462727654308167088  -0.124976481964292966748867  0.996812968892725828466174  -0.123355420571058268822628  1.00200531540679136613577  -0.100453144681635509149987  1.00231740044482572253928  -0.0171368156336005458752637  
5.02654824574366918162049  1.02094087820318177588404  -0.141420167151899700823826  1.02143462999284714615069  -0.11245648726344725294073  1.01803143118790441533448  -0.127253719268187937463301  1.01667030680996907149229  -0.125966755723812098036142  1.01823116348119794985841  -0.101067922445636736693015  1.00499960477134307062792  -0.0166181805833782385945982  
5.18362787842315884349192  1.04472341716176788533905  -0.139946993490328164949903  1.04011438660572879365274  -0.109724217163829786245068  1.03945116725560531044728  -0.126204527670693585612405  1.03791805694462538453733  -0.125316363493822995414401  1.0350698008956351399857  -0.0989526720696436911598858  1.00758359796569770807859  -0.0156746327496052494836556  
5.34070751110264850536336  1.06921491410308657605491  -0.134129644631007342750299  1.05879843566588684221699  -0.103625797996887497357216  1.0616127280294898740454  -0.121244269932081526056685  1.06004053581279745056658  -0.120782171019808935857344  1.05203568490463134673784  -0.0937914845608400032342562  1.00999978097920166007426  -0.0143221797434540891848578  
5.49778714378213816723479  1.09352591492278211702648  -0.123433656948135052588674  1.07679324349659049774464  -0.0939630729600260790416446  1.08372091083803527089904  -0.111847911360525380762565  1.08225368457837672442161  -0.111787064496305835423228  1.06850067122695966846321  -0.0853557382698260867217796  1.01218059520334666189032  -0.0125890789018941113338451  
5.6548667764616278295399  1.11648257733213651773842  -0.107525688237881784315646  1.09328523913216190722748  -0.0807079497436546121119563  1.10470314716009521160186  -0.097665025605449102430065  1.10347183660793373913278  -0.0979195400609084495434798  1.08370501063725724289963  -0.07356923240102945294773  1.01406296852568139740987  -0.0105157541474864402023838  
5.81194640914111749097765  1.13667099447912124210273  -0.0864249749021500733158364  1.10739094047341683096398  -0.0640649740053721483055938  1.12324360356378334093938  -0.0786681909764367697049945  1.1223339945946297741778  -0.0790955304292048185838991  1.09680077810332753812401  -0.0585772538310869884524857  1.01559083633562663938864  -0.0081541315087101897725189  
5.96902604182060715328276  1.15257090890620615621261  -0.0606499255833952751338755  1.11824110500182302273698  -0.0445160589818093594994012  1.13790576676632733757206  -0.0553019642950383233595958  1.1373275443930301124287  -0.0557276374929195339921729  1.10693387688750735468879  -0.0408011680334654368662128  1.01671757114273857527161  -0.00556635029176803572252032  
6.12610567450009681515419  1.16278340542220171200966  -0.031298979162851665119339  1.12509084684042963994764  -0.0228269429769310344060672  1.14735188049873598292814  -0.0285712568286338734897237  1.1470238439270542342473  -0.028833289622115353583652  1.11335853192799020237608  -0.020954451926686383027808  1.01740813629897036641982  -0.00282286295867025626137601  
