0  1.12785798486578888312308  9.16694696129907080480621e-21  1.34823570187507330161384  -7.90000505259645903237584e-21  1.15061816690137937104106  3.77907242892103507500785e-21  1.08461608912647093855633  7.5919440385332590249571e-21  1.10929911644718675180037  1.32123588382760345793274e-20  1.0603389641419521273848  2.32537198882681579014459e-21  
0.15707963267948966192564  1.12527402442574250634403  0.0236626886914630413921972  1.33784744641218694889175  0.0742485588683039060203871  1.1473518804987356057342  0.0285712568286336990585348  1.083226996166645102475  0.0145753699965058472877519  1.10724479356862413924681  0.0197231814700194980292383  1.05938919851452891885205  0.0102456632059889727736236  
0.314159265358979323851281  1.1177648639870231744636  0.0459559586150615705216248  1.30856767054485070205048  0.141083077529994383285676  1.13790576676632707465303  0.0553019642950380169708381  1.07914200942051075971049  0.0285463567281925669806304  1.10124787109357113133994  0.0384267371807560662109581  1.05659054747438827946866  0.0200956079004136458016419  
0.471238898038468985776921  1.10600266365609997589858  0.065713835119041448447905  1.26522003919720492978035  0.195201046858956833414747  1.12324360356378323241074  0.0786681909764364006832325  1.07259683561878925851622  0.0413622608310515198681758  1.09177397063860140403145  0.0552199435909495459280129  1.05208894272872344329787  0.0291850942829104067111241  
0.628318530717958647702562  1.09094489837021254479213  0.0821134054914834380560582  1.21371540795507619296938  0.234322979776730336032861  1.10470314716009525616257  0.0976650256054487439386167  1.06394997650895496450058  0.0525695713950860173927122  1.07950263009352338209462  0.0694352242903589769664092  1.04610894770694431434813  0.0372061865503771377501879  
0.785398163397448309628202  1.07365812071125407342869  0.0947198519669202096795194  1.15938352916213185711709  0.258771790058190741002373  1.08372091083803543808302  0.111847911360525090630064  1.05364014593280930231784  0.0618384024936994888116664  1.06521743225888562158453  0.080668629721642878425622  1.03893005435771381794567  0.0439247396724944033695546  
0.942477796076937971553843  1.05516490711281421424703  0.103447647174628838809057  1.10614430670033544654423  0.270427309391276040885467  1.06161272802949011571406  0.121244269932081336890511  1.04214094778473683453913  0.0689699765338298146125605  1.04970297282616684239782  0.0887684066463330123425597  1.03086054565265108841528  0.0491871764914563300741691  
1.09955742875642763342527  1.03634459690585472517021  0.108473482334556590143699  1.05643144244742023080911  0.271749678861041693583465  1.03945116725560557802838  0.126204527670693505178156  1.02992077222076895649458  0.0738878579092733543459345  1.03366929071699720059114  0.0937884042519910049603114  1.02221318771931340941509  0.0529179586945628258943565  
1.25663706143591729540512  1.01789064793271847404396  0.110138022095233101651287  1.0114937247171582003144  0.265154563337907251134758  1.01803143118790466784516  0.127253719268187953861859  1.01741275900784676391314  0.076618337124194033836656  1.01771004983623926452678  0.0959270986488939309433811  1.01328570174221851290814  0.055110196886567836173235  
1.41371669411540695738497  1.00031056544587067496776  0.108861046080581224819494  0.971776102372848461655522  0.252719151686625048838048  0.997894462727654517418107  0.124976481964293057266195  1.00499628099831496506195  0.0772658749778763847518466  1.00228993607619248538357  0.0954687123916222714836103  1.0043473318186554232509  0.0558124044592129423599403  
1.5707963267948966192564  0.983950120443623136396935  0.105079929091630912523902  0.937240740188955756280031  0.236100021694883609207254  0.979375983589298202336079  0.119942884771675379782484  0.992988834401645871139113  0.0759884550774567456320804  0.987751954319382984893733  0.0927355559897352690337195  0.995631417950077498885304  0.0551141371808667633537711  
1.72787595947438628112783  0.969026916631414468334543  0.0992112987337715631329122  0.90759418882318066053045  0.216557157303267038491487  0.962660161729879995044356  0.11266869975285209981011  0.981645873879591649108309  0.0729759722199591350064347  0.974335305199493752019695  0.0880543258012511508177594  0.987332980958178455280997  0.0531325363218153564389551  
1.88495559215387594310769  0.955663942290087480273958  0.0916310320864812750040959  0.88243234573110290329314  0.195018180251222346865882  0.947827012128313347032356  0.103599596904550620048028  0.97116582992852430110094  0.0684331284654603900629178  0.962196836460086743611411  0.0817351766254694632658252  0.979609946578775931411241  0.0500009600910107618895826  
2.04203522483336560497912  0.943918546961747076363362  0.0826668231466768092292755  0.861326150896060412141906  0.172149204774365072599294  0.934889808405331487772306  0.0931097431742104659119262  0.961697892906108590374472  0.0625670851863181985664467  0.951431786949152267834819  0.0740607439477065522114452  0.972586646073017922688609  0.0458601768622808480158244  
2.19911485751285526685055  0.933805421857371958016189  0.0725984239676017457508928  0.843868687751036667017701  0.148418187208807547347068  0.923822611141848409074904  0.0815079289914193195906939  0.953350760502398354235068  0.0555793965975412078119261  0.942091730533008156955529  0.0652820969420762214105274  0.96635845786803488779472  0.0408520986780818634776955  
2.35619449019234492893882  0.925313827857342412490285  0.0616620396922350144316722  0.829698786846800225675772  0.124146575323515721385123  0.914579570706433714864531  0.0690468965291146598479716  0.946201167914214072819992  0.0476614345909305446764587  0.934199054802030464533542  0.0556190914016458858400898  0.960996756225141877624275  0.035115752865427567983329  
2.51327412287183459081025  0.918419999424207790723104  0.0500566187863154190434718  0.818511123654208643581759  0.0995494717665915608589182  0.907107984413973818282103  0.0559334413121286786867723  0.940301527454122396641745  0.0389924651630187355519971  0.927758091021332125479786  0.0452632680048029981844564  0.956553618937614290329303  0.0287850744091145454894897  
2.67035375555132425268168  0.913095795026840978446739  0.0379507272536671334047399  0.810059056323394013378325  0.0747661358650285347486153  0.901356872687910839559225  0.0423380910656266575838686  0.935686362833004591508038  0.0297396286568473823200146  0.922763354415124658714029  0.034382062562759510058563  0.953065974567261585523228  0.0219880929160110649890235  
2.82743338823081391476995  0.909314556319344640105545  0.0254893326541273594650744  0.804153960932065565254609  0.0498829870909284219181689  0.89728245905951927791815  0.0284038960268521391682047  0.932377446892666527202345  0.0200592223780378770502369  0.919205440042776609544696  0.0231235773856769065935906  0.950559030878529735188176  0.0148471354135529607832134  
2.98451302091030357664138  0.907054942377806317052764  0.0128002207000312576498516  0.800663256861021500020159  0.0249511144824899846495907  0.894851561586310978273218  0.0142542666368398521655706  0.930387671529753510076769  0.0100988337639494399514226  0.917075075374896482214258  0.0116215026777230494929561  0.949048927037465146609209  0.00747973459863505492638313  
3.14159265358979323851281  0.906303299659457872673902  -5.55672709724550912278958e-21  0.799508363090848064858029  -5.30897133572549207341489e-21  0.894043586145717517304869  -2.00760281062370917668842e-21  0.929723727070715518460125  -1.59010421453694176564446e-21  0.916365731100641814745392  -7.45066056417146239292568e-21  0.948544606279578794358343  2.68154072808028750795532e-21  
3.29867228626928290060108  0.907054942377806316944344  -0.0128002207000312576769567  0.800663256861021500237  -0.0249511144824899847038008  0.894851561586310978706899  -0.0142542666368398521994519  0.930387671529753510076769  -0.0100988337639494399717514  0.917075075374896482593729  -0.0116215026777230495234493  0.949048927037465146554999  -0.00747973459863505494671192  
3.45575191894877256225567  0.909314556319344640213966  -0.0254893326541273594989558  0.80415396093206556563408  -0.0498829870909284219656027  0.89728245905951927802657  -0.0284038960268521391953097  0.932377446892666527093925  -0.0200592223780378770705657  0.919205440042776609165225  -0.0231235773856769066139194  0.950559030878529735621857  -0.0148471354135529608103184  
3.61283155162826222434394  0.913095795026840978446739  -0.037950727253667133357306  0.810059056323394013432535  -0.074766135865028534741839  0.901356872687910839505015  -0.0423380910656266575567636  0.935686362833004591508038  -0.0297396286568473822725807  0.922763354415124658714029  -0.0343820625627595100043529  0.953065974567261585252177  -0.0219880929160110649483659  
3.76991118430775188621537  0.918419999424207791048364  -0.0500566187863154190434718  0.818511123654208643419129  -0.0995494717665915608656945  0.907107984413973817902632  -0.0559334413121286786596672  0.940301527454122396695955  -0.0389924651630187355791021  0.927758091021332125533996  -0.0452632680048029981980089  0.956553618937614290600353  -0.0287850744091145455165947  
3.9269908169872415480868  0.925313827857342412490285  -0.0616620396922350144316722  0.829698786846800225513142  -0.12414657532351572137157  0.914579570706433714647691  -0.0690468965291146598344191  0.946201167914214072928412  -0.0476614345909305446764587  0.934199054802030464425121  -0.0556190914016458858129847  0.960996756225141877624275  -0.0351157528654275679697765  
4.08407044966673120995823  0.933805421857371958016189  -0.0725984239676017458186555  0.843868687751036667017701  -0.148418187208807547292858  0.923822611141848409454375  -0.081507928991419319644904  0.953350760502398354289278  -0.0555793965975412078254787  0.94209173053300815706395  -0.0652820969420762214376324  0.96635845786803488811998  -0.040852098678081863464143  
4.24115008234622087226334  0.943918546961747076688622  -0.0826668231466768092834856  0.861326150896060412304536  -0.172149204774365072667056  0.934889808405331487826517  -0.0931097431742104660067939  0.961697892906108590320262  -0.0625670851863181985935518  0.951431786949152267889029  -0.074060743947706552333418  0.972586646073017922580189  -0.0458601768622808480700345  
4.39822971502571053370109  0.955663942290087480273958  -0.0916310320864812749769909  0.88243234573110290313051  -0.19501818025122234679812  0.947827012128313347032356  -0.103599596904550620102238  0.97116582992852430104673  -0.0684331284654603900358127  0.96219683646008674344878  -0.0817351766254694632658252  0.979609946578775931519661  -0.0500009600910107618624775  
4.5553093477052001960062  0.969026916631414468442964  -0.0992112987337715632142274  0.90759418882318066058466  -0.216557157303267038518592  0.962660161729879995098566  -0.11266869975285209981011  0.981645873879591649054099  -0.0729759722199591349793297  0.974335305199493752073905  -0.0880543258012511508177594  0.987332980958178455118367  -0.05313253632181535641185  
4.71238898038468985787763  0.983950120443623136180095  -0.105079929091630912442587  0.937240740188955756496871  -0.236100021694883609247912  0.97937598358929820255292  -0.119942884771675379782484  0.992988834401645871193323  -0.0759884550774567456591854  0.987751954319382984947943  -0.0927355559897352690337195  0.995631417950077498939514  -0.055114137180866763299561  
4.86946861306417951974906  1.00031056544587067507618  -0.108861046080581224846599  0.971776102372848461601312  -0.252719151686625048810943  0.997894462727654517309687  -0.124976481964293057293301  1.00499628099831496495353  -0.0772658749778763847247415  1.00228993607619248516673  -0.0954687123916222714565052  1.00434733181865542314248  -0.0558124044592129423599403  
5.02654824574366918162049  1.01789064793271847404396  -0.110138022095233101705497  1.01149372471715820009756  -0.265154563337907251080548  1.01803143118790466773674  -0.127253719268187953943174  1.01741275900784676402156  -0.076618337124194033863761  1.01771004983623926441836  -0.0959270986488939309433811  1.01328570174221851290814  -0.05511019688656783620034  
5.18362787842315884349192  1.03634459690585472527863  -0.108473482334556590197909  1.05643144244742023091753  -0.271749678861041693583465  1.03945116725560557802838  -0.126204527670693505205261  1.029920772220768956603  -0.0738878579092733544001446  1.0336692907169972003743  -0.0937884042519910049603114  1.02221318771931340919825  -0.0529179586945628259485666  
5.34070751110264850536336  1.05516490711281421413861  -0.103447647174628838863267  1.10614430670033544621897  -0.270427309391276040912572  1.06161272802949011549722  -0.121244269932081336890511  1.04214094778473683453913  -0.0689699765338298146667706  1.0497029728261668417473  -0.0887684066463330122883496  1.0308605456526510885237  -0.0491871764914563301283792  
5.49778714378213816723479  1.07365812071125407321185  -0.0947198519669202097608345  1.15938352916213185700867  -0.258771790058190741029478  1.08372091083803543819144  -0.111847911360525090575854  1.05364014593280930242626  -0.0618384024936994887574563  1.06521743225888562125927  -0.0806686297216428786153574  1.03893005435771381794567  -0.0439247396724944033424495  
5.6548667764616278295399  1.09094489837021254457529  -0.082113405491483437920533  1.21371540795507619318622  -0.234322979776730335978651  1.10470314716009525594573  -0.0976650256054487439386167  1.06394997650895496450058  -0.0525695713950860173656072  1.0795026300935233819862  -0.0694352242903589769393042  1.04610894770694431423971  -0.0372061865503771376688727  
5.81194640914111749097765  1.10600266365609997568174  -0.0657138351190414485292202  1.26522003919720492891299  -0.195201046858956833414747  1.12324360356378323241074  -0.0786681909764364008187578  1.07259683561878925819096  -0.0413622608310515200579112  1.09177397063860140392303  -0.0552199435909495460635382  1.05208894272872344308103  -0.0291850942829104068466494  
5.96902604182060715328276  1.11776486398702317457202  -0.0459559586150615705487299  1.30856767054485070237574  -0.141083077529994383272124  1.13790576676632707519513  -0.0553019642950380169843906  1.07914200942051075992733  -0.0285463567281925670890506  1.10124787109357113188204  -0.0384267371807560663464834  1.0565905474743882796855  -0.020095607900413645855852  
6.12610567450009681515419  1.12527402442574250699455  -0.0236626886914630413515396  1.33784744641218694954227  -0.0742485588683039059187431  1.1473518804987356057342  -0.0285712568286336990178772  1.08322699616664510290868  -0.0145753699965058472741994  1.10724479356862413946365  -0.0197231814700194980021332  1.05938919851452891906889  -0.0102456632059889727736236  
