0  1.16630898951120951835287  -3.3667649996238139709146e-21  1.12785798486578429748999  1.71198917790634163539203e-21  1.15061816690137739931099  1.75278428130768584130729e-21  1.12972322314341324159519  2.62886077127406614043062e-21  1.11556127223199960446162  9.3265181227472151593182e-22  1.1092991164471832929786  8.29487156802796134465074e-21  
0.15707963267948966192564  1.16278340542220032097828  0.0312989791628511350901664  1.12527402442573825421153  0.0236626886914613938724572  1.14735188049873378351561  0.0285712568286329796700645  1.1273672128118832485048  0.0231433325016588018542855  1.11335853192798788196659  0.0209544519266854839192752  1.10724479356862094171776  0.0197231814700182318776125  
0.314159265358979323851281  1.15257090890620505900001  0.060649925583394301967558  1.1177648639870198511671  0.0459559586150585567648459  1.13790576676632566692493  0.0553019642950367085963139  1.12047412558331119410149  0.0451574104556419022741881  1.10693387688750553995119  0.0408011680334637903358073  1.10124787109356866141897  0.0384267371807537575786147  
0.471238898038468985776921  1.13667099447912057043949  0.086424974902148808255189  1.10600266365609798703811  0.0657138351190375554031643  1.12324360356378241188654  0.0786681909764347254824558  1.10953806141543776691335  0.0650421852740656545037879  1.09680077810332645316289  0.0585772538310848590523139  1.09177397063859997548667  0.0552199435909465825188724  
0.628318530717958647702562  1.11648257733213632756936  0.107525688237880408056513  1.09094489837021205104646  0.0821134054914792405944525  1.10470314716009508290706  0.0976650256054469575122496  1.09529017654652681109176  0.0820247921018348892101572  1.0837050106372569783543  0.0735692324010271554826689  1.07950263009352311104408  0.0694352242903558158530026  
0.785398163397448309628202  1.09352591492278239154647  0.123433656948133740229707  1.07365812071125499955419  0.0947198519669162548623598  1.0837209108380358664513  0.111847911360523428507476  1.07859031879326430184048  0.0956077324374306763575451  1.06850067122696018573607  0.0853557382698239237791031  1.06521743225888643202565  0.080668629721639951174624  
0.942477796076937971553843  1.06921491410308724153821  0.134129644631006237907628  1.05516490711281630881721  0.103447647174625562092594  1.06161272802949102731125  0.121244269932079979442286  1.06032069934523586537001  0.105566496772165004892018  1.0520356849046325059668  0.0937914845608382173906478  1.04970297282616851629756  0.0887684066463306536065234  
1.09955742875642763342527  1.04472341716176883282333  0.139946993490327366733159  1.03634459690585763343412  0.108473482334554277093232  1.03945116725560681716304  0.126204527670692564104223  1.04130234178744063831303  0.111909756409465923598901  1.03506980089563674352071  0.0989526720696424409121506  1.03366929071699944120335  0.0937884042519894203988363  
1.25663706143591729540512  1.02094087820318288046921  0.141420167151899260786821  1.01789064793272180872458  0.110138022095231885311975  1.01803143118790606906805  0.127253719268187476013304  1.02224300423437522336145  0.11482062727180614799974  1.01823116348119977977484  0.101067922445636094330333  1.01771004983624175667389  0.095927098648893196287989  
1.41371669411540695738497  0.998488614145427121266459  0.139163257679623218941137  1.00031056544587406689426  0.108861046080581105611465  0.997894462727655928290394  0.124976481964293035107814  1.00371494815553041453707  0.114595370878089833959683  1.00200531540679321632677  0.100453144681635470945413  1.00228993607619494337832  0.0954687123916223536119249  
1.5707963267948966192564  0.977765845060261994700461  0.133788379613440735124426  0.98395012044362626789807  0.105079929091631788410179  0.979375983589299494705069  0.119942884771675765663589  0.986155236503152954504175  0.111590098502347031004861  0.986745550663456719273255  0.097459981607279751902222  0.987751954319385177746837  0.0927355559897360568014655  
1.72787595947438628112783  0.959003427082005669703987  0.125859311771075675897365  0.969026916631417090477497  0.0992112987337732614136427  0.962660161729881069597129  0.112668699752852819408644  0.969879909413332320802879  0.106180114016145234984785  0.972694027803032622563496  0.0924402289337991450420343  0.974335305199495514552957  0.0880543258012524865683884  
1.88495559215387594310769  0.942313199992189763339132  0.115870662299960490028536  0.955663942290089418339551  0.0916310320864835799230469  0.947827012128314135355756  0.103599596904551583280343  0.955104682309818657731746  0.0987322819389390893865229  0.960005979990487517050299  0.0857244066306663643841929  0.962196836460087977054012  0.0817351766254711696103093  
2.04203522483336560497912  0.927728197590556876545812  0.104243136425209425349118  0.943918546961748229520792  0.0826668231466794857720736  0.934889808405331951160315  0.0931097431742115763788964  0.941967047047412567068077  0.0895885314120920038749802  0.94877253199948072764176  0.0776110615401830511081698  0.951431786949152932342331  0.0740607439477084521537798  
2.19911485751285526685055  0.915233127952991478196686  0.0913277782066846851156917  0.933805421857372291245727  0.0725984239676045575614645  0.923822611141848535872348  0.0815079289914204809338509  0.930546783269221154015829  0.0790578309539038097267585  0.939040070441904060319274  0.0683633536805267254206136  0.942091730533008258816324  0.0652820969420781512497368  
2.35619449019234492893882  0.904786389413847314357794  0.0774145023019318423687023  0.925313827857341950836999  0.0616620396922377383066714  0.914579570706433515913433  0.0690468965291157816041969  0.920883478595895278002136  0.0674140656732653418260173  0.930825637220762294461295  0.0582101363567125058568873  0.934199054802030046736235  0.0556190914016477037489774  
2.51327412287183459081025  0.896335427522617655276844  0.0627421508304313809589086  0.918419999424206610352198  0.0500566187863178555303564  0.907107984413973325241165  0.055933441312129680164319  0.912990668770290028004397  0.0548977258575278193907031  0.924128609987596425217205  0.0473495429168164273464148  0.927758091021331257088056  0.0452632680048045870691877  
2.67035375555132425268168  0.889827153374142664312482  0.0475086122277725139551713  0.913095795026839195964157  0.0379507272536691145063833  0.901356872687910101109125  0.0423380910656274708506945  0.90686676053087482115081  0.0417198759400913266783407  0.918939252674172583033874  0.0359537937988541956546551  0.92276335441512342630142  0.0343820625627607785005659  
2.82743338823081391476995  0.88521483048110313236875  0.0318803447336909636263523  0.909314556319342404751716  0.0254893326541287547214621  0.89728245905951835493684  0.0284038960268527114948146  0.902503139945638085213028  0.0280673725644929825580331  0.915244773258143206695701  0.0241744639101454533182661  0.919205440042775110852033  0.0231235773856777881414364  
2.98451302091030357664138  0.88246248640795037909831  0.0160011129852062951921075  0.907054942377803800998993  0.0128002207000319778785785  0.89485156158630994128805  0.0142542666368401474751373  0.899889921448928354469603  0.014108691089538705553278  0.913033452741844312361592  0.0121478113372242597188798  0.917075075374894822463363  0.0116215026777235008818959  
3.14159265358979323851281  0.881547591381635132253957  -8.82698713222970233618688e-21  0.90630329965945526148139  -2.43826886483021966634225e-21  0.894043586145716441776314  -3.26060808130419971835228e-21  0.899019743841447388683647  -5.22144848705056884370696e-21  0.912297287263640888132013  -5.96726295250554134705772e-21  0.916365731100640100404917  -1.95680982298991995907782e-21  
3.29867228626928290060108  0.88246248640795037909831  -0.0160011129852062952242948  0.907054942377803800998993  -0.0128002207000319778955192  0.89485156158630994145068  -0.0142542666368401474971602  0.899889921448928354415393  -0.014108691089538705578689  0.913033452741844312415802  -0.012147811337224259749373  0.917075075374894822246522  -0.0116215026777235008903662  
3.45575191894877256225567  0.88521483048110313253138  -0.0318803447336909636399048  0.909314556319342404589086  -0.0254893326541287547214621  0.89728245905951835482842  -0.0284038960268527114982028  0.902503139945638085104608  -0.0280673725644929825478687  0.91524477325814320653307  -0.0241744639101454533250423  0.919205440042775110852033  -0.0231235773856777881516008  
3.61283155162826222434394  0.889827153374142664475112  -0.0475086122277725139687239  0.913095795026839196126787  -0.0379507272536691145131595  0.901356872687910101163335  -0.0423380910656274708506945  0.906866760530874820825549  -0.0417198759400913266647882  0.918939252674172583088084  -0.0359537937988541956478789  0.92276335441512342630142  -0.0343820625627607784802371  
3.76991118430775188621537  0.896335427522617655276844  -0.0627421508304313809318035  0.918419999424206610352198  -0.0500566187863178555439089  0.907107984413973325566426  -0.0559334413121296801778715  0.912990668770290027950187  -0.0548977258575278194042556  0.924128609987596425217205  -0.047349542916816427326086  0.927758091021331257142266  -0.0452632680048045870827402  
3.9269908169872415480868  0.904786389413847314195163  -0.0774145023019318423687023  0.92531382785734195110805  -0.0616620396922377383337765  0.914579570706433516076063  -0.0690468965291157816380782  0.920883478595895278002136  -0.0674140656732653418260173  0.930825637220762294623926  -0.0582101363567125058839924  0.934199054802030046465184  -0.0556190914016477037354249  
4.08407044966673120995823  0.915233127952991478521946  -0.0913277782066846851563493  0.933805421857372291137307  -0.072598423967604557547912  0.923822611141848535980768  -0.0815079289914204809067459  0.930546783269221154015829  -0.079057830953903809713206  0.939040070441904060373484  -0.0683633536805267254341661  0.942091730533008258870534  -0.0652820969420781512497368  
4.24115008234622087226334  0.927728197590556876871073  -0.104243136425209425416881  0.943918546961748229683423  -0.0826668231466794858127312  0.934889808405331951214525  -0.0931097431742115764331065  0.941967047047412567284917  -0.0895885314120920039156377  0.948772531999480727533339  -0.0776110615401830511488274  0.951431786949152932559171  -0.0740607439477084522486475  
4.39822971502571053370109  0.942313199992189763501763  -0.115870662299960490028536  0.955663942290089418339551  -0.0916310320864835798552843  0.947827012128314135355756  -0.103599596904551583280343  0.955104682309818657623326  -0.0987322819389390893458653  0.960005979990487517212929  -0.0857244066306663643435354  0.962196836460087977162432  -0.0817351766254711695832043  
4.5553093477052001960062  0.959003427082005669975038  -0.125859311771075675910917  0.969026916631417090802758  -0.0992112987337732614543002  0.962660161729881069597129  -0.112668699752852819408644  0.969879909413332320640248  -0.106180114016145234998338  0.972694027803032622509286  -0.0924402289337991450555868  0.974335305199495514498747  -0.088054325801252486609046  
4.71238898038468985787763  0.977765845060261994863091  -0.133788379613440735124426  0.98395012044362626789807  -0.105079929091631788369522  0.979375983589299494488228  -0.119942884771675765636484  0.986155236503152954612595  -0.111590098502347030991308  0.986745550663456719110624  -0.097459981607279751875117  0.987751954319385177963678  -0.0927355559897360567743604  
4.86946861306417951974906  0.998488614145427121266459  -0.139163257679623218968242  1.00031056544587406667741  -0.10886104608058110558436  0.997894462727655928344604  -0.124976481964293035107814  1.00371494815553041464549  -0.114595370878089833959683  1.00200531540679321654361  -0.100453144681635470931861  1.00228993607619494348674  -0.0954687123916223536254774  
5.02654824574366918162049  1.02094087820318288057763  -0.141420167151899260732611  1.01789064793272180872458  -0.110138022095231885311975  1.01803143118790606928489  -0.127253719268187476040409  1.02224300423437522357829  -0.114820627271806148013292  1.01823116348119977999168  -0.10106792244563609426257  1.01771004983624175667389  -0.095927098648893196287989  
5.18362787842315884349192  1.04472341716176883260649  -0.139946993490327366706054  1.03634459690585763321728  -0.108473482334554277066127  1.03945116725560681705462  -0.12620452767069256409067  1.04130234178744063820461  -0.111909756409465923680216  1.03506980089563674362913  -0.0989526720696424409934658  1.03366929071699944109493  -0.0937884042519894204259414  
5.34070751110264850536336  1.06921491410308724164663  -0.134129644631006237880523  1.05516490711281630881721  -0.103447647174625562106146  1.06161272802949102731125  -0.121244269932079979388076  1.06032069934523586515317  -0.105566496772165004946228  1.05203568490463250585838  -0.0937914845608382172822276  1.04970297282616851640598  -0.0887684066463306535794183  
5.49778714378213816723479  1.09352591492278239132963  -0.123433656948133740161944  1.07365812071125499933735  -0.0947198519669162548488073  1.08372091083803586634288  -0.111847911360523428493923  1.0785903187932643019489  -0.0956077324374306763439925  1.06850067122696018573607  -0.0853557382698239237384455  1.06521743225888643235091  -0.080668629721639951147519  
5.6548667764616278295399  1.11648257733213632746094  -0.107525688237880408070065  1.09094489837021205115488  -0.0821134054914792405944525  1.1047031471600950831239  -0.0976650256054469575664597  1.09529017654652681120018  -0.0820247921018348892914724  1.08370501063725697813746  -0.0735692324010271554691164  1.07950263009352311104408  -0.0694352242903558158394501  
5.81194640914111749097765  1.13667099447912057087317  -0.0864249749021488082958466  1.10600266365609798692969  -0.0657138351190375553489541  1.12324360356378241199496  -0.0786681909764347254417982  1.10953806141543776669651  -0.0650421852740656545037879  1.09680077810332645305447  -0.0585772538310848589981038  1.09177397063859997526983  -0.0552199435909465824375572  
5.96902604182060715328276  1.15257090890620505910843  -0.0606499255833943018591378  1.1177648639870198511671  -0.0459559586150585567106358  1.13790576676632566725019  -0.0553019642950367085421038  1.12047412558331119420991  -0.0451574104556419022335305  1.10693387688750553962593  -0.0408011680334637903087023  1.10124787109356866152739  -0.0384267371807537575650621  
6.12610567450009681515419  1.1627834054222003210867  -0.0312989791628511350766138  1.12527402442573825442837  -0.0236626886914613938792335  1.14735188049873378362403  -0.028571256828632979656512  1.1273672128118832485048  -0.0231433325016588018610618  1.11335853192798788229186  -0.0209544519266854839260514  1.1072447935686209419346  -0.0197231814700182318776125  
