0  1.04700110947354542532007  -6.34130542519901564592171e-21  1.00693006602526024758672  -1.84094573204693002412809e-21  1.00604098226519155835374  1.69973532474563998339641e-21  1.03200842864756435273647  1.00706458215395256992919e-22  
0.15707963267948966192564  1.04629290013691066672276  0.00786399539992633271276185  1.00684208083542301760682  0.00109511201292002578793145  1.00596458552127331965206  0.000953382812454754627052829  1.03155549588551524611921  0.00524355769488610583525302  
0.314159265358979323851281  1.04420187890883791042174  0.0154464160006493117304567  1.00658056245481792180096  0.00216158833119786831779242  1.00573748090291172638602  0.00188202475982609880627216  1.03021466340863008734341  0.0103192007840581648404508  
0.471238898038468985776921  1.04082547330592851020804  0.0224847296448524088679794  1.00615273370102920112538  0.00317167098228175872243542  1.00536585240870504046225  0.00276192404974650059900753  1.02803844546544890516896  0.0150679713544497524509353  
0.628318530717958647702562  1.03631541176238800041048  0.0287517840107177043363273  1.00557034229390427173319  0.0040993168398985388179703  1.00485976813516493565473  0.00357052475620986776506157  1.02510996141414599406097  0.019347853037512609020469  
0.785398163397448309628202  1.03086384911122123963275  0.0340673958096947297524487  1.00484924412442260682494  0.0049209569073472532923846  1.00423283683031417323154  0.00428736155010801943019642  1.02153700140066538938274  0.0230399969302467157639038  
0.942477796076937971553843  1.02468750237063470408336  0.0383042322269413030861717  1.00400885526451419513163  0.00561614678821443915419844  1.00350175440981079927078  0.00489461726500879701665884  1.01744490188226769256802  0.0260527180538115291037532  
1.09955742875642763342527  1.01801213394753563323044  0.0413881639515520693338403  1.00307150372854869473885  0.00616808576372584507470451  1.00268576456651587239764  0.00537757450404912723486081  1.01296909383518179167787  0.0283231553477722837409893  
1.25663706143591729540512  1.0110591956501699724023  0.0432941455402728375467586  1.00206171529477788232233  0.00656399139220785799212453  1.00180606043169136793944  0.00572494970372482478828194  1.0082480908688001106522  0.0298168131268653069371318  
1.41371669411540695738497  1.00403568019195400568173  0.0440391304259412222962128  1.00100546797397602484612  0.00679532608464505538030474  1.00088515482107086383527  0.0059291054134890231299207  1.00341748122461135305384  0.0305254284441063604367593  
1.5707963267948966192564  0.997127471605622540972748  0.0436735651276895659182904  0.999929447294247094083722  0.00685788073871583375165032  0.999946245118903713966149  0.00598614332146713346081805  0.998605241519070405879863  0.0304637147279416192145176  
1.72787595947438628112783  0.990495910955075887648243  0.0422727540657249649174929  0.998860330055711015699235  0.00675172751077121686340103  0.999012595723041232670565  0.00589588620249870129573326  0.99392845852942619138716  0.0296655290781787050845416  
1.88495559215387594310769  0.984276959079294176593183  0.0399289991567964122382191  0.997824118351188839759654  0.00648105874522593124794495  0.99810695672530303266352  0.00566176113358339584138382  0.989491365325507765866603  0.0281799308957379520394109  
2.04203522483336560497912  0.978582220515455446902507  0.0367450257649621161461489  0.996845539231416405509967  0.00605393183962908526497219  0.997251032703107004946837  0.00529059887651069098060252  0.985384483667831002451191  0.0260674807310195662610067  
2.19911485751285526685055  0.973501127718539113634153  0.0328288850728473772987918  0.995947519120230598016659  0.00548194053773013527364709  0.996465010681804834859285  0.004792365324119798175714  0.981684611875636701865643  0.0233970024382636434032547  
2.35619449019234492893882  0.969103702197982750754339  0.0282903000069152708010776  0.995150736512604571263295  0.00477983213887934437066277  0.995767151930052821099185  0.00417984055094080296304752  0.978455392233393883235932  0.0202429202576355216081083  
2.51327412287183459081025  0.965443453681112462804424  0.0232382921374822847516918  0.994473251991402294009629  0.00396508782687486228805442  0.995173448587111040707  0.00346825960233994593835292  0.975748217393345735313787  0.016683195657721866318106  
2.67035375555132425268168  0.962560114745219592014957  0.0177798693760965132246036  0.993930211372029270811782  0.00305748022762168724584782  0.994697343375196492681195  0.00267492704315552286861539  0.973603275868955183355424  0.0127978285147084243239556  
2.82743338823081391476995  0.96048201937247179598876  0.0120195442836659591983998  0.993533615866190190695981  0.00207861885365147222617097  0.994349508886568925626181  0.0018188148106317383042392  0.97205058131375948542955  0.00866785015129580498383934  
2.98451302091030357664138  0.959228014892716266499503  0.00605946905978832975602508  0.993292152464839191519392  0.00105149067650494158109508  0.994137682120723177993469  0.000920150388482878828542251  0.971110871888971053408728  0.00437471627565965563313826  
3.14159265358979323851281  0.958808850228313220816559  8.86113658649013842815081e-22  0.993211078112193177359988  2.95734403177074807837226e-21  0.994066549976267688096352  3.75534987068690218162002e-21  0.970796301350107690170815  -1.96354824207007039710009e-21  
3.29867228626928290060108  0.959228014892716266499503  -0.00605946905978832977127167  0.993292152464839191519392  -0.00105149067650494159295355  0.994137682120723177613998  -0.000920150388482878831930382  0.971110871888971053246097  -0.00437471627565965564838485  
3.45575191894877256225567  0.9604820193724717962056  -0.0120195442836659591983998  0.993533615866190190695981  -0.00207861885365147222617097  0.994349508886568925788811  -0.00181881481063173831440359  0.972050581313759485646391  -0.0086678501512958049906156  
3.61283155162826222434394  0.962560114745219591906537  -0.0177798693760965132449323  0.993930211372029270757572  -0.00305748022762168726617661  0.994697343375196492681195  -0.00267492704315552287539165  0.973603275868955183518054  -0.0127978285147084243239556  
3.76991118430775188621537  0.965443453681112462858634  -0.0232382921374822847516918  0.994473251991402293792788  -0.00396508782687486227450189  0.995173448587111040707  -0.00346825960233994592480039  0.975748217393345735422207  -0.0166831956577218662977772  
3.9269908169872415480868  0.969103702197982750700129  -0.0282903000069152708010776  0.995150736512604571263295  -0.0047798321388793443842153  0.995767151930052821261815  -0.00417984055094080294949499  0.978455392233393882802251  -0.0202429202576355216013321  
4.08407044966673120995823  0.973501127718539113796783  -0.0328288850728473773123444  0.995947519120230597908239  -0.00548194053773013524654203  0.996465010681804834859285  -0.00479236532411979812150389  0.981684611875636701974063  -0.0233970024382636433625971  
4.24115008234622087226334  0.978582220515455446685667  -0.0367450257649621161732539  0.996845539231416405943648  -0.00605393183962908529207724  0.997251032703107005326307  -0.00529059887651069099415505  0.985384483667831002722242  -0.0260674807310195662474542  
4.39822971502571053370109  0.984276959079294176755814  -0.0399289991567964122246666  0.997824118351188839813864  -0.00648105874522593123439242  0.998106956725303032988781  -0.0056617611335833958278313  0.989491365325507765920814  -0.0281799308957379520123058  
4.5553093477052001960062  0.990495910955075887431402  -0.0422727540657249648903878  0.998860330055711015645025  -0.00675172751077121682274345  0.999012595723041232941616  -0.00589588620249870126862821  0.99392845852942619122453  -0.0296655290781787050845416  
4.71238898038468985787763  0.997127471605622541081168  -0.0436735651276895658911854  0.999929447294247094029512  -0.00685788073871583372454527  0.999946245118903713966149  -0.00598614332146713344726553  0.998605241519070405988284  -0.0304637147279416192551752  
4.86946861306417951974906  1.00403568019195400546489  -0.0440391304259412222555552  1.00100546797397602484612  -0.00679532608464505539385726  1.00088515482107086383527  -0.00592910541348902310281564  1.00341748122461135294542  -0.0305254284441063604096543  
5.02654824574366918162049  1.01105919565016997218546  -0.0432941455402728375467586  1.00206171529477788253917  -0.00656399139220785800567706  1.0018060604316913677226  -0.00572494970372482478828194  1.00824809086880011097746  -0.0298168131268653069506844  
5.18362787842315884349192  1.01801213394753563257992  -0.0413881639515520693473928  1.00307150372854869441359  -0.00616808576372584503404693  1.0026857645665158727229  -0.00537757450404912719420323  1.01296909383518179167787  -0.0283231553477722837138843  
5.34070751110264850536336  1.02468750237063470397494  -0.0383042322269413030861717  1.00400885526451419578215  -0.00561614678821443911354086  1.00350175440981079894552  -0.00489461726500879701665884  1.01744490188226769202592  -0.0260527180538115290902006  
5.49778714378213816723479  1.03086384911122123963275  -0.0340673958096947297795537  1.00484924412442260649968  -0.00492095690734725334659471  1.00423283683031417323154  -0.00428736155010801944374894  1.02153700140066538884064  -0.0230399969302467157639038  
5.6548667764616278295399  1.03631541176238800041048  -0.0287517840107177042685647  1.00557034229390427173319  -0.00409931683989853877731271  1.00485976813516493543789  -0.00357052475620986772440399  1.02510996141414599384413  -0.0193478530375126090069164  
5.81194640914111749097765  1.04082547330592851031646  -0.0224847296448524088883082  1.00615273370102920155907  -0.00317167098228175870888289  1.00536585240870504067909  -0.00276192404974650061256006  1.0280384454654489053858  -0.0150679713544497524644879  
5.96902604182060715328276  1.04420187890883791031332  -0.0154464160006493117372329  1.00658056245481792158412  -0.00216158833119786833134495  1.00573748090291172671128  -0.00188202475982609879271963  1.03021466340863008745183  -0.0103192007840581648675559  
6.12610567450009681515419  1.04629290013691066726486  -0.00786399539992633271953812  1.00684208083542301760682  -0.00109511201292002578793145  1.0059645855212733198689  -0.000953382812454754620276566  1.03155549588551524666132  -0.00524355769488610582508862  
