0  1.01753668358272216269093  -1.3787202563053426173385e-21  1.04223013605145050459663  1.52793603807261727037918e-20  1.07781782053374461708382  -2.2423581225799754318053e-20  1.00189007862049461055915  -1.21867672841729177952115e-20  
0.15707963267948966192564  1.01730346148039093527159  0.00281403447902650472186269  1.04160631285334989086337  0.00701863407467114976492385  1.07648943054864259778833  0.0135851953658691285012697  1.00186661180167737650922  0.000296491452282370915663479  
0.314159265358979323851281  1.01661139832505010053513  0.00554768653678345115363296  1.03976286714790009735928  0.0137945665038788481729891  1.07259059162126541508119  0.0265694733588502123760103  1.00179680863894528817029  0.000585560188166405685798732  
0.471238898038468985776921  1.0154828944391283214628  0.00812379486819393787570658  1.03678125580290192279433  0.0201003907767100938811921  1.06636720955168590456615  0.0384113156693411386330417  1.00168244435750256613252  0.000859978396215932687930011  
0.628318530717958647702562  1.01395396197407645683293  0.0104714009182626235840586  1.03278899471066567357022  0.0257372796434030099116223  1.05818924950694283576395  0.0486755017259146054772051  1.00152642275669446353392  0.00111290204829825605144233  
0.785398163397448309628202  1.01207238242350539112087  0.012528283510162690144547  1.02794880178999143273497  0.0305447051951301864613098  1.04850234897615221941851  0.0570594514269822206760287  1.00133269594601194744064  0.00133804800210546496574797  
0.942477796076937971553843  1.00989538349502342405323  0.0142428963653339719301182  1.022445988900441537898  0.0344058013855754080980408  1.03777794210684936150949  0.0633975188475066394743363  1.00110615604646909426387  0.00152985411202004320464949  
1.09955742875642763342527  1.00748704189463724107713  0.0155756301510843417096764  1.01647586264826937814659  0.0372483973972497305992939  1.02647113344965396108163  0.0676474140306541748136459  1.00085250263978782492291  0.00168361788127025798584777  
1.25663706143591729540512  1.00491561947205909881981  0.0164993939483402294265101  1.01023256284693864026462  0.0390424149078924252504082  1.0149912751707616985963  0.0698658290778509624187071  1.00057809044686919221993  0.0017956100974602833073978  
1.41371669411540695738497  1.00225101582849112941565  0.016999574454969550738135  1.00390023750661871743822  0.039794704612243558041482  1.0036859528565857918158  0.0701803637493446953179391  1.00028976217903162865535  0.00186316089938820943238719  
1.5707963267948966192564  0.999562478707416867350615  0.0170734771521288491394775  0.997646898707122013576221  0.0395424850451759041345019  0.992836222183208061040603  0.0687630568143347571511727  0.999994671724674540926308  0.00188471675981586041476006  
1.72787595947438628112783  0.996916663560734162105766  0.0167293789436168578450403  0.991620851800284681064855  0.0383464099463200893487449  0.982659736202081436889227  0.0658085158963352571199947  0.999700102823348493719102  0.00185986787491377496620015  
1.88495559215387594310769  0.994376084158634575239574  0.0159853274514117780959882  0.985949298941300574449734  0.0362840317731904562223791  0.973318446349998607285917  0.0615176714645085682812466  0.999413288167349315636  0.00178934637425562435668336  
2.04203522483336560497912  0.99199795333930981496625  0.014867812105670109813424  0.980738585159481224403852  0.0334441418922697102230571  0.96492824820748574431422  0.0560868954563083045106522  0.999141233497885440640023  0.00167499656637545870610691  
2.19911485751285526685055  0.98983338056260175048676  0.0134104116260347757338088  0.976075544431728068736371  0.0299222150943208317435372  0.957568796353030812014591  0.0497015878957280833328998  0.998890550774837828287064  0.00151971908997552154979918  
2.35619449019234492893882  0.987926871879027523957583  0.0116524966628298753170681  0.972029467430371216522984  0.0258169966221466748093746  0.951292461931068370297772  0.042533156708017484683962  0.998667303943578194762136  0.00132739134104727801461571  
2.51327412287183459081025  0.986316067403721040310165  0.00963803955954634441766898  0.968654310196960231218923  0.0212281477391480762816024  0.946131953823379748974055  0.0347383967099496337619735  0.998476870243351711685029  0.00110276689645916237440208  
2.67035375555132425268168  0.985031649458911725549762  0.00741455842137863030622338  0.965990864642177839301772  0.016254800422038128925842  0.942106471292859480864013  0.0264604641063709178794988  0.998323819436587123275339  0.000851356871309104251709966  
2.82743338823081391476995  0.984097358909905944716369  0.00503220163673697552477642  0.964068700804038925986864  0.0109948470613203333213484  0.93922644533168908652452  0.0178308526879140735456027  0.998211812815073247918789  0.000579296254949717890313232  
2.98451302091030357664138  0.983530065695863754693124  0.00254296234547864724058605  0.962907760366553696132746  0.00554479143638743174240646  0.937497006983784483640215  0.00897196299261267524090832  0.998143523374589403671705  0.000293198298013364352747594  
3.14159265358979323851281  0.983339850400299320619911  -8.31729090361773311240108e-21  0.962519530574357970204458  -4.53564803239001344177812e-21  0.936920334572004147549555  -3.65688166271090970513478e-21  0.998120578150976022640574  4.56575053738108819029189e-21  
3.29867228626928290060108  0.983530065695863754909965  -0.00254296234547864723380978  0.962907760366553695915905  -0.00554479143638743176612338  0.937497006983784483640215  -0.00897196299261267525107272  0.998143523374589403292234  -0.000293198298013364359523858  
3.45575191894877256225567  0.984097358909905944770579  -0.00503220163673697554510521  0.964068700804038926095284  -0.0109948470613203333349009  0.939226445331689087066621  -0.0178308526879140735659315  0.998211812815073247972999  -0.000579296254949717869984441  
3.61283155162826222434394  0.985031649458911725549762  -0.00741455842137863042819613  0.965990864642177839627032  -0.0162548004220381290478147  0.942106471292859480864013  -0.0264604641063709179066039  0.998323819436587123221129  -0.000851356871309104360130184  
3.76991118430775188621537  0.986316067403721040527005  -0.00963803955954634448543162  0.968654310196960231652604  -0.0212281477391480763087074  0.946131953823379749299316  -0.0347383967099496337890786  0.99847687024335171222713  -0.00110276689645916245571724  
3.9269908169872415480868  0.987926871879027524011793  -0.0116524966628298753306206  0.972029467430371217010875  -0.0258169966221466747958221  0.951292461931068370243562  -0.0425331567080174847381721  0.998667303943578194924766  -0.00132739134104727804172076  
4.08407044966673120995823  0.9898333805626017507036  -0.0134104116260347757609139  0.976075544431728069007421  -0.0299222150943208316893271  0.957568796353030812014591  -0.0497015878957280834413201  0.998890550774837828612324  -0.00151971908997552160400929  
4.24115008234622087226334  0.99199795333930981507467  -0.0148678121056701097863189  0.980738585159481224349642  -0.0334441418922697102501622  0.964928248207485743988959  -0.0560868954563083044564421  0.999141233497885440694233  -0.00167499656637545867900185  
4.39822971502571053370109  0.994376084158634575131154  -0.0159853274514117780959882  0.985949298941300574124474  -0.0362840317731904562223791  0.973318446349998607123287  -0.0615176714645085682541415  0.999413288167349315527579  -0.00178934637425562435668336  
4.5553093477052001960062  0.996916663560734161834715  -0.01672937894361685768241  0.991620851800284681064855  -0.0383464099463200892674297  0.982659736202081437051858  -0.0658085158963352570928897  0.999700102823348493664892  -0.00185986787491377477646477  
4.71238898038468985787763  0.999562478707416866971144  -0.0170734771521288491665826  0.99764689870712201335938  -0.0395424850451759041073969  0.992836222183208061094813  -0.0687630568143347570969626  0.999994671724674540926308  -0.00188471675981586046897016  
4.86946861306417951974906  1.00225101582849112952407  -0.01699957445496955076524  1.00390023750661871700454  -0.0397947046122435580956921  1.00368595285658579192422  -0.0701803637493446953179391  1.00028976217903162854693  -0.0018631608993882094865973  
5.02654824574366918162049  1.00491561947205909860296  -0.0164993939483402295349303  1.0102325628469386401562  -0.0390424149078924253859334  1.01499127517076169870472  -0.0698658290778509623916021  1.00057809044686919221993  -0.00179561009746028341581801  
5.18362787842315884349192  1.00748704189463724129397  -0.0155756301510843417638865  1.01647586264826937803817  -0.0372483973972497305992939  1.02647113344965396151531  -0.0676474140306541747865408  1.00085250263978782524817  -0.00168361788127025809426798  
5.34070751110264850536336  1.00989538349502342394481  -0.0142428963653339719301182  1.02244598890044153800642  -0.0344058013855754081522509  1.03777794210684936150949  -0.0633975188475066394201262  1.00110615604646909415545  -0.0015298541120200432588596  
5.49778714378213816723479  1.01207238242350539068719  -0.012528283510162690144547  1.02794880178999143295181  -0.030544705195130186542625  1.04850234897615221931009  -0.0570594514269822206489237  1.00133269594601194765748  -0.00133804800210546496574797  
5.6548667764616278295399  1.01395396197407645704977  -0.0104714009182626236924788  1.0327889947106656734618  -0.0257372796434030099387274  1.05818924950694283554711  -0.0486755017259146055585203  1.00152642275669446353392  -0.00111290204829825599723223  
5.81194640914111749097765  1.0154828944391283214628  -0.00812379486819393798412679  1.03678125580290192279433  -0.0201003907767100938811921  1.06636720955168590521667  -0.0384113156693411386059366  1.00168244435750256634936  -0.000859978396215932606614848  
5.96902604182060715328276  1.01661139832505010053513  -0.00554768653678345115363296  1.03976286714790009714244  -0.0137945665038788480103588  1.07259059162126541443066  -0.0265694733588502122675901  1.00179680863894528795345  -0.000585560188166405794218949  
6.12610567450009681515419  1.01730346148039093581369  -0.00281403447902650465410005  1.04160631285334989032127  -0.00701863407467114967005616  1.07648943054864259789676  -0.0135851953658691285419273  1.00186661180167737629238  -0.000296491452282370902110951  
