0  1.00693006602526249730623  -9.08639814494989207127402e-23  1.01075814590187181246476  1.14522514320630682180563e-20  1.03136231429175685930886  -1.01047142086648614938385e-20  1.00708331358437140319942  8.51750922643396560982178e-21  
0.15707963267948966192564  1.00684208083542515413562  0.00109511201292072777495681  1.01061923954602876001094  0.00170950502970974690844074  1.03091973873662296552929  0.00513300303239993868501846  1.00699332191887136066146  0.00111957800932908816771236  
0.314159265358979323851281  1.00658056245481973111754  0.00216158833119920091745889  1.01020661013141330598474  0.00337283763401423120108572  1.0296094232886181707616  0.0101024448907905618668789  1.00672584591344992468488  0.0022098422768739237737317  
0.471238898038468985776921  1.00615273370103050314377  0.00317167098228358703966394  1.00953235173489248529578  0.00494539633025361591908003  1.02748227905537733962386  0.0147533902349311232360222  1.0062882909019259462368  0.00324238150576033412955668  
0.628318530717958647702562  1.00557034229390493830069  0.00409931683990067807082935  1.00861605187653796840679  0.00638563215639581074401822  1.02461894395288101845907  0.0189472321564043657724733  1.0056926994057527016864  0.00419054715057605030488486  
0.785398163397448309628202  1.00484924412442257386519  0.00492095690734948895792185  1.00748398363734948226036  0.00765636072211592764893799  1.02112409666501903330628  0.0225677215828180169972413  1.00495532113015007024456  0.00503023296695829548463852  
0.942477796076937971553843  1.00400885526451347055932  0.00561614678821654829334216  1.00616806055780100119263  0.00872584151153953238100672  1.01711961577670589461538  0.0255248710453165331883772  1.00409604791338785668119  0.00574054176071112131143903  
1.09955742875642763342527  1.00307150372854735433971  0.00616808576372761971037297  1.00470462712995570967595  0.0095685832897876539138507  1.01273740390414029215529  0.0277566233033345346982099  1.00313774592592679665935  0.00630431608033420971056067  
1.25663706143591729540512  1.00206171529477606324792  0.00656399139220912574972482  1.00313316246692468217822  0.0101658584858932837260113  1.00811260985224404433409  0.0292284837165063239529297  1.00210552079235848681356  0.00670851952520927496959047  
1.41371669411540695738497  1.00100546797397390935084  0.00679532608464569542550474  1.00149497149210395024934  0.0105059322522701778089994  1.00337779244421624377098  0.0299315325648733695476818  1.00102595152088515357593  0.00694446529098090718280269  
1.5707963267948966192564  0.999929447294244891689639  0.00685788073871578844555204  0.999831928199152824697938  0.0105840309837055998826248  0.998658337906980112116083  0.0298793379270981859622842  0.999926326519461565207197  0.00700789754441304477529731  
1.72787595947438628112783  0.998860330055708941349429  0.00675172751077049597737655  0.998185321346063691343511  0.0104020887902653996770225  0.994069222612110452879687  0.0291042910772293004714479  0.998833910193834300338123  0.00689893846016545442788315  
1.88495559215387594310769  0.997824118351187093814685  0.00648105874522461003917756  0.996594836729349964950936  0.00996831815223302855686997  0.989713040019117096691027  0.0276538140632351860537935  0.997775262458842121277448  0.00662191882341656826746305  
2.04203522483336560497912  0.996845539231415154991182  0.00605393183962729615520473  0.995097694099270528328861  0.00929665303756410985438  0.985679098980094930352713  0.0255867782720209882172877  0.99677562677348592628428  0.00618511288549913963220363  
2.19911485751285526685055  0.99594751912022995958421  0.00548194053772805390363151  0.993727942501543838030222  0.00840611007843659598049932  0.98204334726302078582361  0.0229703537200421915290185  0.995858395769127559900465  0.00560039880834679195775565  
2.35619449019234492893882  0.995150736512604602921998  0.00477983213887717278147392  0.99251590643699258718945  0.00732010727605026843226727  0.978868866522699419135956  0.0198774021039452998115687  0.995044657755761627684898  0.00488286489863734553750711  
2.51327412287183459081025  0.99447325199140298800744  0.0039650878268728092428206  0.991487767200650555181503  0.00606577149794324353021275  0.976206707140920038686012  0.0163844426094119532575592  0.994352822748418781607753  0.00405037937711270736929666  
2.67035375555132425268168  0.993930211372030558735543  0.00305748022761994859891523  0.99066525909805295516293  0.00467325698699197618032116  0.974096868925815467376173  0.0125701603440241508908432  0.993798323349435810090957  0.00312313814954230817711855  
2.82743338823081391476995  0.99353361586619194683245  0.00207861885365021295584082  0.990065458610089014644586  0.00317508820927857028605309  0.972569275764151800769096  0.00851439022503176471708261  0.99339338388457309352627  0.00212320141369688490450918  
2.98451302091030357664138  0.993292152464841247546182  0.00105149067650428077003535  0.989700645479289850049189  0.00160553234229496842746078  0.971644632153903856249238  0.00429748907564973220188343  0.993146850529723008548909  0.0010740263574123944188398  
3.14159265358979323851281  0.993211078112195336385984  1.0187681955024172375381e-20  0.989578217551201876078532  1.94868887857466402592629e-21  0.971335083778965218456042  2.58359698795688302491227e-21  0.993064075604884413433961  7.89844513824415364543359e-21  
3.29867228626928290060108  0.993292152464841248088283  -0.00105149067650428075987095  0.989700645479289850374449  -0.00160553234229496843423705  0.971644632153903856303448  -0.00429748907564973220865969  0.993146850529723008115229  -0.0010740263574123944290042  
3.45575191894877256225567  0.99353361586619194683245  -0.00207861885365021293551203  0.990065458610089014210905  -0.00317508820927857029282936  0.972569275764151800498045  -0.00851439022503176469675382  0.99339338388457309358048  -0.00212320141369688488418039  
3.61283155162826222434394  0.993930211372030558843963  -0.00305748022761994855825765  0.990665259098052955325561  -0.00467325698699197616676863  0.974096868925815467430383  -0.0125701603440241508772906  0.993798323349435810090957  -0.00312313814954230819067107  
3.76991118430775188621537  0.9944732519914029883327  -0.00396508782687280918861049  0.991487767200650556103075  -0.00606577149794324346245011  0.976206707140920038631802  -0.0163844426094119532169016  0.994352822748418781390913  -0.00405037937711270730153403  
3.9269908169872415480868  0.995150736512604603301469  -0.00477983213887717278147392  0.99251590643699258724366  -0.00732010727605026847292485  0.978868866522699419135956  -0.0198774021039452998657789  0.995044657755761627576478  -0.00488286489863734551040205  
4.08407044966673120995823  0.995947519120229959313159  -0.00548194053772805393073657  0.993727942501543837813382  -0.00840611007843659598049932  0.98204334726302078598624  -0.0229703537200421915290185  0.995858395769127559683624  -0.00560039880834679193065059  
4.24115008234622087226334  0.996845539231415154991182  -0.00605393183962729612809968  0.995097694099270528383071  -0.00929665303756410988148505  0.985679098980094930298503  -0.0255867782720209882714978  0.996775626773485926555331  -0.00618511288549913960509857  
4.39822971502571053370109  0.997824118351187093814685  -0.00648105874522460998496745  0.996594836729349964734095  -0.00996831815223302852976492  0.989713040019117096636816  -0.0276538140632351860808986  0.997775262458842121494288  -0.006621918823416568240358  
4.5553093477052001960062  0.998860330055708941349429  -0.00675172751077049597737655  0.99818532134606369080141  -0.0104020887902653997312327  0.994069222612110452879687  -0.0291042910772293004714479  0.998833910193834300554963  -0.00689893846016545440077809  
4.71238898038468985787763  0.999929447294244891364379  -0.00685788073871578844555204  0.999831928199152824481098  -0.0105840309837055998555197  0.998658337906980112007663  -0.0298793379270981859622842  0.999926326519461564773517  -0.00700789754441304488371753  
4.86946861306417951974906  1.00100546797397390924242  -0.00679532608464569534418957  1.00149497149210395014092  -0.0105059322522701778903145  1.00337779244421624312046  -0.0299315325648733695747868  1.00102595152088515346751  -0.00694446529098090718280269  
5.02654824574366918162049  1.00206171529477606335634  -0.00656399139220912569551471  1.0031331624669246826119  -0.0101658584858932836718012  1.00811260985224404422567  -0.0292284837165063239258246  1.0021055207923584870304  -0.00670851952520927491538036  
5.18362787842315884349192  1.00307150372854735412287  -0.00616808576372761984589824  1.00470462712995570989279  -0.0095685832897876539138507  1.01273740390414029226372  -0.0277566233033345346168947  1.00313774592592679676777  -0.00630431608033420973766572  
5.34070751110264850536336  1.00400885526451347066774  -0.0056161467882165482662371  1.00616806055780100075895  -0.00872584151153953243521683  1.01711961577670589461538  -0.0255248710453165332154822  1.00409604791338785678961  -0.00574054176071112141985925  
5.49778714378213816723479  1.00484924412442257419045  -0.00492095690734948887660669  1.00748398363734948204352  -0.0076563607221159277031481  1.0211240966650190334147  -0.0225677215828180169701362  1.0049553211301500704614  -0.00503023296695829551174357  
5.6548667764616278295399  1.00557034229390493775859  -0.00409931683990067798951419  1.00861605187653796840679  -0.00638563215639581071691316  1.02461894395288101835065  -0.018947232156404365609843  1.00569269940575270201166  -0.00419054715057605025067475  
5.81194640914111749097765  1.00615273370103050346903  -0.00317167098228358706676899  1.00953235173489248551262  -0.0049453963302536160003952  1.02748227905537733994912  -0.0147533902349311232360222  1.00628829090192594591154  -0.00324238150576033412955668  
5.96902604182060715328276  1.0065805624548197314428  -0.00216158833119920097166899  1.01020661013141330544264  -0.00337283763401423128240088  1.02960942328861817065318  -0.0101024448907905618397739  1.00672584591344992468488  -0.00220984227687392371952159  
6.12610567450009681515419  1.00684208083542515446088  -0.00109511201292072784271945  1.01061923954602876011936  -0.00170950502970974692199327  1.03091973873662296563771  -0.00513300303239993868501846  1.0069933219188713608783  -0.00111957800932908819481742  
