0  1.69698767273709518984322  0  1.24049740995016879964094  1.26256644176663375857689e-20  1.53288084629560758791883  2.81814499519046900601195e-22  1.40283669287322819148149  -9.27104160997659274552489e-22  1.23980734327360136201156  -1.63018838457301046434255e-21  
0.15707963267948966192564  1.6630284381888305962529  0.178157995944221024487916  1.23483426924818271862207  0.0470203771193966165025681  1.50881391389737667420561  0.13190016762225566919768  1.38621638244758313548641  0.0963141249938719113405229  1.23469634764010738542991  0.0453372540641984191791387  
0.314159265358979323851281  1.57366776813397532216489  0.323400475051794284185374  1.21854643710859519270453  0.0906413615370476559841926  1.44487247465977575514289  0.241225424299237526594062  1.34143967953654285674755  0.177786859635789060878671  1.21987071568684067265388  0.0878766941085599887579973  
0.471238898038468985776921  1.45572741374394229755748  0.420824164598837634665603  1.1935244136905411322519  0.128132275904340807871212  1.35913806972929176314357  0.317073975323319170570996  1.28004036384296612425225  0.236516715672014940258661  1.19673533326092853851675  0.125249003648658602472427  
0.628318530717958647702562  1.33294000712009645074219  0.473348270105412622510551  1.16232359882348482138775  0.157827538913460410169515  1.26823262420399492371881  0.360619763486502872406204  1.21332226462050425501178  0.272337482736095510150315  1.16728950099225327330377  0.155809689812460178243137  
0.785398163397448309628202  1.21902566505061664262934  0.491590924754779478770368  1.12758748567940405291895  0.179158347747233195302002  1.18228253962295693619243  0.378746650083144356007184  1.14878943739172486833769  0.289318081305218149370476  1.13375276398907505253852  0.1787370982484920849424  
0.942477796076937971553843  1.11949806795937013175531  0.486413810169236127475692  1.09162709403279640542339  0.192419381142696336897918  1.10572454131680410866715  0.378913288398361570573792  1.09015228399949076982037  0.292424758946296523855462  1.09823603145457419200635  0.193950900011917762945151  
1.09955742875642763342527  1.03527478049508788642344  0.466273671272391341592091  1.05622334396376819714517  0.198440762539674303652909  1.03964373498963677110336  0.367114370149041553188134  1.03864779603284430571988  0.285914568700445554381203  1.06252584439506842471646  0.201923628235036607876142  
1.25663706143591729540512  0.965223794028349690984816  0.437061440216008783205036  1.02260830782364477685182  0.198293790966867485833563  0.983552722994078769207758  0.347626647014592322270038  0.994233277447370459721683  0.272957813274178952446915  1.02799163323795030673333  0.20346459311799523037999  
1.41371669411540695738497  0.907515413359148081346404  0.402667397874302588213057  0.991545500016715174662011  0.193084138021951558510277  0.936377723916648326495625  0.323342785059080381124524  0.956323413499948310663185  0.255766307939811505693184  0.995588010886331504210346  0.199531307065513004292065  
1.5707963267948966192564  0.860243501043688799524278  0.365580475219409174595427  0.963443397090036504821532  0.183832644148228397621304  0.896925532309640881692414  0.296170132900454507248345  0.924170658734221949252245  0.235836276158710198453143  0.965912575863902322155941  0.191092522181564639528056  
1.72787595947438628112783  0.821676723112335895163154  0.327349915275568355532134  0.938464234946590841800283  0.171421477644412741279879  0.864079134855175223881452  0.267347347806240860851931  0.89703846162509340099846  0.214165128417792569750599  0.93928541714176003694925  0.179044018364687423946579  
1.88495559215387594310769  0.790338204002306462592816  0.288906668206196318773047  0.916612562495999224515021  0.15658112030825581200387  0.836865864733092069895244  0.2376668135605241798607  0.874269397155939417549519  0.191412287817145187747252  0.915828360511792435643894  0.164166787745386687580123  
2.04203522483336560497912  0.765010819956125700321177  0.25077859221386780255226  0.897800928627947659728219  0.139899282500347511937568  0.814469945050522063385162  0.207624063294220384659266  0.855304454662171329188715  0.168010239097009347869873  0.895532943957281216595858  0.147114383816000934441788  
2.19911485751285526685055  0.744713555981972285364393  0.213232309857551660111719  0.881895723934709936165689  0.121839556588574975278232  0.796222922007877852938057  0.177516792217659861996548  0.839681568954149504387888  0.144239055153736369022772  0.878313613596546768067571  0.128417838292460892378444  
2.35619449019234492893882  0.728669520232702896966621  0.176366104587092893893623  0.86874776864060289751409  0.102762869816896369592281  0.781586984513788839026936  0.147510457041029927670946  0.827026606067260203441864  0.120276033660879800316285  0.864046767847631956333161  0.108499673259286717893167  
2.51327412287183459081025  0.716274568542563887143648  0.140170555556017037733075  0.858211980904950773969483  0.0829482483140414068298113  0.770137617515420487719884  0.117682004502662067399899  0.817042698548375791840152  0.0962288893229891106661849  0.852598037317711990236858  0.0876915575627446956040825  
2.67035375555132425268168  0.707070099118590663256779  0.104568030353702830863283  0.850159597765062281489803  0.0626114423793318617401222  0.761548178387880232958606  0.0880493061236281667934159  0.809500380921864951737181  0.0721582161410300364977289  0.843840574678113889426148  0.0662524919358527034887914  
2.82743338823081391476995  0.700721136984484563835218  0.0694383917403240789002956  0.84448550494003698233458  0.0419210728333844455084894  0.755577286654368352402603  0.0585912502802084869272864  0.804229417450830076044988  0.0480929886074823207347097  0.837666857344290354144261  0.0443860002461492523262465  
2.98451302091030357664138  0.696999790354205618918195  0.0346358110212718836121181  0.841112457417189720481135  0.0210125160712912515735773  0.752059204449931119459884  0.0292617657282912973347878  0.801112548053350250756247  0.0240415850063466925457407  0.833995996203676266515532  0.0222557995146706850463981  
3.14159265358979323851281  0.695773792448683999975478  -1.1943579981241378804136e-20  0.839993375749312610187899  -5.86951053586625644617518e-21  0.75089712208844437300783  -8.8763618950677105626493e-21  0.800081125142357483376581  -1.0152768792432501136125e-20  0.83277800471472546292237  -7.20880284950803509492958e-21  
3.29867228626928290060108  0.696999790354205618918195  -0.0346358110212718836832689  0.841112457417189720481135  -0.021012516071291251615929  0.752059204449931119459884  -0.0292617657282912973974682  0.801112548053350250918878  -0.0240415850063466926016449  0.833995996203676266623952  -0.0222557995146706850972201  
3.45575191894877256225567  0.700721136984484563835218  -0.0694383917403240789341769  0.84448550494003698233458  -0.0419210728333844455254301  0.755577286654368352294183  -0.0585912502802084869543914  0.804229417450830075936568  -0.0480929886074823207584266  0.837666857344290354144261  -0.0443860002461492523465753  
3.61283155162826222434394  0.707070099118590663256779  -0.104568030353702830876836  0.850159597765062281489803  -0.0626114423793318617401222  0.761548178387880233012816  -0.0880493061236281668272973  0.809500380921864951737181  -0.0721582161410300364977289  0.843840574678113889534568  -0.0662524919358527034820151  
3.76991118430775188621537  0.716274568542563887089437  -0.140170555556017037773732  0.858211980904950773915273  -0.0829482483140414068840214  0.770137617515420487557254  -0.117682004502662067427004  0.817042698548375791677521  -0.09622888932298911069329  0.852598037317711990182648  -0.0876915575627446956718451  
3.9269908169872415480868  0.728669520232702896966621  -0.176366104587092893907175  0.86874776864060289751409  -0.102762869816896369585505  0.781586984513788839135356  -0.147510457041029927711603  0.827026606067260203441864  -0.12027603366087980034339  0.864046767847631956441581  -0.108499673259286717927048  
4.08407044966673120995823  0.744713555981972285364393  -0.213232309857551660111719  0.881895723934709936165689  -0.12183955658857497531889  0.796222922007877853100687  -0.177516792217659862037206  0.839681568954149504442099  -0.144239055153736369049877  0.878313613596546768013361  -0.128417838292460892391997  
4.24115008234622087226334  0.765010819956125700321177  -0.250778592213867802606471  0.897800928627947659782429  -0.139899282500347511937568  0.814469945050522063330952  -0.207624063294220384699924  0.855304454662171329134505  -0.168010239097009347896978  0.895532943957281216650068  -0.147114383816000934441788  
4.39822971502571053370109  0.790338204002306462484396  -0.288906668206196318718837  0.916612562495999224515021  -0.156581120308255811976765  0.836865864733092069841034  -0.237666813560524179833595  0.874269397155939417441099  -0.191412287817145187720147  0.915828360511792435372843  -0.164166787745386687580123  
4.5553093477052001960062  0.821676723112335895163154  -0.327349915275568355559239  0.938464234946590841746072  -0.171421477644412741225669  0.864079134855175223935662  -0.267347347806240860879036  0.89703846162509340083583  -0.214165128417792569696389  0.939285417141760036840829  -0.179044018364687423960132  
4.71238898038468985787763  0.860243501043688799632698  -0.365580475219409174622532  0.963443397090036504713112  -0.183832644148228397539989  0.896925532309640881692414  -0.29617013290045450722124  0.924170658734221949198034  -0.235836276158710198426038  0.965912575863902322210151  -0.191092522181564639500951  
4.86946861306417951974906  0.907515413359148081400615  -0.402667397874302588240162  0.991545500016715174716221  -0.193084138021951558510277  0.936377723916648326441415  -0.323342785059080381151629  0.956323413499948310717395  -0.255766307939811505720289  0.995588010886331504210346  -0.199531307065513004305617  
5.02654824574366918162049  0.965223794028349690984816  -0.437061440216008783205036  1.02260830782364477663498  -0.198293790966867485833563  0.983552722994078769153548  -0.347626647014592322242933  0.994233277447370459559053  -0.2729578132741789523656  1.02799163323795030673333  -0.203464593117995230393542  
5.18362787842315884349192  1.03527478049508788642344  -0.466273671272391341592091  1.05622334396376819714517  -0.198440762539674303652909  1.03964373498963677088652  -0.367114370149041553161029  1.03864779603284430615356  -0.285914568700445554435413  1.06252584439506842460803  -0.201923628235036607835484  
5.34070751110264850536336  1.11949806795937013175531  -0.486413810169236127475692  1.09162709403279640542339  -0.192419381142696336938576  1.10572454131680410866715  -0.378913288398361570546687  1.09015228399949076982037  -0.292424758946296523855462  1.09823603145457419211477  -0.193950900011917762985809  
5.49778714378213816723479  1.21902566505061664262934  -0.491590924754779478716158  1.12758748567940405281053  -0.179158347747233195247792  1.18228253962295693630085  -0.378746650083144355980079  1.14878943739172486812085  -0.289318081305218149289161  1.13375276398907505253852  -0.178737098248492084806875  
5.6548667764616278295399  1.33294000712009645095903  -0.473348270105412622429236  1.16232359882348482127933  -0.157827538913460410101752  1.26823262420399492393566  -0.360619763486502872351994  1.21332226462050425533704  -0.27233748273609551012321  1.16728950099225327352061  -0.155809689812460178134717  
5.81194640914111749097765  1.45572741374394229755748  -0.420824164598837634719813  1.19352441369054113268558  -0.128132275904340807925422  1.35913806972929176270989  -0.317073975323319170489681  1.28004036384296612479435  -0.236516715672014940326424  1.19673533326092853862517  -0.125249003648658602485979  
5.96902604182060715328276  1.57366776813397532227331  -0.323400475051794284049849  1.21854643710859519270453  -0.0906413615370476560112976  1.44487247465977575492605  -0.241225424299237526458537  1.34143967953654285653071  -0.177786859635789060810908  1.2198707156868406727623  -0.0878766941085599887444448  
6.12610567450009681515419  1.66302843818883059668658  -0.178157995944221024365943  1.23483426924818271873049  -0.0470203771193966164348055  1.50881391389737667431403  -0.13190016762225566908926  1.38621638244758313592009  -0.0963141249938719112795365  1.23469634764010738575517  -0.0453372540641984191859149  
