0  1.05865642056006658601203  -6.82371880986360977529491e-21  1.12743400415637628716493  -6.27233448247738664318983e-22  1.12785798486587793580324  -2.64073001992502120034526e-21  1.0168020868020489708974  2.01694628730719099848729e-21  1.04013521054374681227249  -2.88247765443002541966265e-22  1.07915907622480979879877  -3.45127835741863327107605e-23  
0.15707963267948966192564  1.05775331795673956753953  0.00988545036380664078029643  1.12509084684049740074027  0.0228269429769572676500243  1.12527402442582482710448  0.0236626886914955536337941  1.01658223913797244610489  0.00268166233709667004700612  1.0395671542771224840282  0.00657534861788599381856972  1.07785785200907371277155  0.0136407527607617709248329  
0.314159265358979323851281  1.05508949522781972103075  0.0194032707546346362963586  1.11824110500187603751271  0.0445160589818574328610989  1.11776486398708681561324  0.0459559586151207914095026  1.01592947827488266280931  0.00528903649053542814531233  1.03788553506190406110991  0.0129400460006243346944353  1.07403162813398202679246  0.0267143815572157021569167  
0.471238898038468985776921  1.05079640208244382405898  0.0282126697596897787353684  1.10739094047344854062492  0.0640649740054343768143439  1.10600266365613698589868  0.0657138351191173955564788  1.01486382659176900013481  0.00775056312589701710874437  1.03515626233592117149372  0.0188946910009175043180791  1.06790215484367145999927  0.0387044664074461649069673  
0.628318530717958647702562  1.04507749619821068147625  0.0360223765952531659528205  1.09328523913216961005023  0.080707949743721794794442  1.09094489837022009300765  0.0821134054915644740166064  1.01341760378579634916535  0.00999996330062766050660646  1.03148364764776711275697  0.0242611588960979932601703  1.05980645938797750241298  0.0491863014423427713603821  
0.785398163397448309628202  1.03818815800143263627844  0.0426061187384245637573043  1.07679324349657529278496  0.0939630729600893377389701  1.07365812071123412280767  0.0947198519669954907017123  1.0116339479493334760395  0.0119784562389711066393919  1.02700294633297053135696  0.0288904138829608399962777  1.05015654590758690783286  0.0578516752330959894241522  
0.942477796076937971553843  1.03041316242915476932528  0.0478096226032659028868776  1.05879843566585279805194  0.103625797996939677520889  1.05516490711277222027797  0.103447647174689996702043  1.00956492532587609688675  0.0136365248064518831841527  1.02187140767553867311355  0.0326675175644200085754319  1.03939661050032184481072  0.0645156771007160145282866  
1.09955742875642763342527  1.02204522031008335680637  0.0515496649055226886305178  1.04011438660568175218046  0.109724217163866196403539  1.03634459690579800600092  0.108473482334598451596154  1.00726937786071057132683  0.014935158589007076755141  1.01625891918482352317167  0.0355137016745321623071175  1.02796532014201413255013  0.0691081609935499679460555  
1.25663706143591729540512  1.01336715541402568030709  0.0538069971856975958000423  1.02143462999279354427948  0.112456487263465782206579  1.01789064793265475938541  0.110138022095253622081531  1.00481066305839284629256  0.0158465556298084974166072  1.01033920847137622571824  0.0373857818925411575689032  1.0162677116871494969368  0.0716550450327191842698083  
1.41371669411540695738497  1.00463902271776307209214  0.0546155291051313759973125  1.00331355634156009569002  0.112127632760655075935005  1.0003105654458070664526  0.108861046080580958532664  1.00225442864597699471271  0.0163543104225366817995602  1.00428230918297265751842  0.0382734732368049858380497  1.00465802217249608474254  0.0722550727261626184747337  
1.5707963267948966192564  0.99609032057497238772225  0.0540500634632455259208795  0.986169757435316066140635  0.109096163171928243424487  0.983950120443565499667345  0.105079929091612307485873  0.999666539331636154941309  0.0164531522351263144367944  0.998248687596517254264506  0.0381952989641072017244121  0.993432330434443874042985  0.0710566166469010577480189  
1.72787595947438628112783  0.987916647652604551976471  0.0522143739339018886976441  0.970302451325402260686164  0.10373451018132593191265  0.969026916631367177387343  0.099211298733738270699432  0.997111240071566068410291  0.0161483213206427612024284  0.992385135982569403269304  0.0371937796207985409510004  0.982828632747345557342088  0.0682374473946393830868333  
1.88495559215387594310769  0.980279756037001619433258  0.0492307725282806487953182  0.955913440802294733843279  0.0964029852149723228519631  0.955663942290053397077623  0.0916310320864375660169284  0.994649605276780101952797  0.0154546806874329374555674  0.986822313845603645379202  0.0353304878966370720499166  0.973031717802819784814486  0.063988812051709587291014  
2.04203522483336560497912  0.973309878869596256938286  0.0452317218385221348324614  0.943129623342555029042161  0.0874348620200642838253316  0.943918546961727667951852  0.0826668231466271249125561  0.992338290919746425652014  0.0143956594886435542161515  0.981673675667268682447971  0.0326814056610698099779528  0.964180558629609946478742  0.0585040118577697141485591  
2.19911485751285526685055  0.967109341082170416100967  0.0403536033254488350920488  0.932023324897382072096869  0.0771296424199645638640618  0.933805421857367478526493  0.0725984239675503736363227  0.990228579673893019434151  0.0130021136060752605872288  0.97703545842911787442037  0.0293328621017652399992608  0.956376534227781038377623  0.051970996711810245006428  
2.35619449019234492893882  0.961756681568294779984419  0.0347324751724351304165632  0.92262931857649950099327  0.0657518427028329947861486  0.925313827857352106070858  0.0616620396921858671202888  0.988365689604713431085613  0.0113111729099866252035503  0.972987396077647147816288  0.02537819268037859011622  0.949691389510040227242213  0.0445682094788775295309013  
2.51327412287183459081025  0.957310745103203072816755  0.0285015150573896329952938  0.914958341187272598284391  0.0535332259895352787531695  0.91841999942423009211127  0.0500566187862718895832434  0.986788304764412669298299  0.00936512601958854969304031  0.969593859836128323180082  0.0209151503314749734945498  0.944174322500741443429245  0.0364628785608790997559755  
2.67035375555132425268168  0.953814399361832004561618  0.0217898026052646231586884  0.909007401374927803683335  0.0406770164009844362340725  0.913095795026873691374158  0.0379507272536320048511636  0.985528280623518982827159  0.00721037461225303464651751  0.966905173861887891296682  0.0160440250855756532196881  0.9398579233035420170384  0.0278110531161159834612185  
2.82743338823081391476995  0.951297680604351549753846  0.0147221132238262628350175  0.90476735447062481818882  0.027363142245329483971775  0.909314556319385105295338  0.0254893326541027513961282  0.984610477393711808267833  0.00489647213452514478104717  0.964958911236019962164023  0.0108663818593074463079886  0.936762895710061689678438  0.0187588192155390804585627  
2.98451302091030357664138  0.949780271479209948462703  0.00741943871653753915320381  0.902228231622851648767013  0.0137539380073938123192021  0.907054942377851556906294  0.0128002207000185955881042  0.984052678594692602730403  0.0024752471539670508934969  0.963781027096816506299741  0.00548430150586613444393784  0.934901600734619951888014  0.00944427943257397653421988  
3.14159265358979323851281  0.949273274098113617729816  -5.34078327263917177008458e-23  0.901382738672460501921143  -4.09658221377809177883409e-21  0.906303299659504724736063  -4.89893826884399146535231e-21  0.983865559427187613011651  3.46766629451988280497945e-21  0.963386729856306923730665  -1.10758070209595308503311e-21  0.934280503004632801482884  -1.15358931438247057620035e-21  
3.29867228626928290060108  0.949780271479209948137443  -0.00741943871653753917183853  0.902228231622851648767013  -0.0137539380073938123505423  0.907054942377851556906294  -0.0128002207000185956177504  0.984052678594692603001454  -0.00247524715396705090196723  0.963781027096816506462371  -0.00548430150586613446257256  0.934901600734619952159064  -0.00944427943257397655963086  
3.45575191894877256225567  0.951297680604351549645426  -0.0147221132238262628316294  0.904767354470624818568291  -0.0273631422453294839870216  0.909314556319385105674809  -0.0254893326541027514079866  0.984610477393711808267833  -0.00489647213452514478782343  0.964958911236019961892973  -0.0108663818593074463113768  0.936762895710061689678438  -0.0187588192155390804687271  
3.61283155162826222434394  0.953814399361832004778459  -0.0217898026052646231722409  0.909007401374927803683335  -0.0406770164009844362442369  0.913095795026873691265738  -0.0379507272536320048579399  0.985528280623518983098209  -0.00721037461225303465329377  0.966905173861887891134052  -0.0160440250855756532264644  0.9398579233035420170384  -0.027811053116115983474771  
3.76991118430775188621537  0.957310745103203072979385  -0.02850151505738963300207  0.914958341187272598718071  -0.0535332259895352787836627  0.91841999942423009221969  -0.0500566187862718895832434  0.98678830476441266946093  -0.00936512601958854967271152  0.969593859836128322909031  -0.0209151503314749735013261  0.944174322500741443537665  -0.036462878560879099742423  
3.9269908169872415480868  0.961756681568294780147049  -0.034732475172435130436892  0.92262931857649950083064  -0.0657518427028329947929249  0.925313827857352106287699  -0.0616620396921858671440057  0.988365689604713430868772  -0.0113111729099866252035503  0.972987396077647147274187  -0.025378192680378590089115  0.949691389510040226971162  -0.0445682094788775295376776  
4.08407044966673120995823  0.967109341082170415829916  -0.0403536033254488350581674  0.932023324897382072367919  -0.0771296424199645638572855  0.933805421857367478472283  -0.0725984239675503736227702  0.990228579673893019542572  -0.0130021136060752605465712  0.97703545842911787431195  -0.0293328621017652399721558  0.956376534227781038648673  -0.0519709967118102449996518  
4.24115008234622087226334  0.973309878869596257426177  -0.0452317218385221348460139  0.943129623342555029313211  -0.087434862020064283859213  0.943918546961727667951852  -0.0826668231466271249193323  0.992338290919746425868854  -0.0143956594886435541754939  0.981673675667268682447971  -0.0326814056610698099915053  0.964180558629609946695582  -0.0585040118577697141688879  
4.39822971502571053370109  0.980279756037001619487468  -0.0492307725282806487682131  0.955913440802294733897489  -0.0964029852149723228519631  0.955663942290053397023413  -0.0916310320864375660169284  0.994649605276780101844377  -0.0154546806874329374555674  0.986822313845603645162362  -0.035330487896637072009259  0.973031717802819784922906  -0.063988812051709587263909  
4.5553093477052001960062  0.987916647652604551976471  -0.0522143739339018886840916  0.970302451325402260848794  -0.103734510181325931926202  0.969026916631367177495764  -0.0992112987337382707536421  0.997111240071566068356081  -0.0161483213206427611888759  0.992385135982569403648775  -0.0371937796207985409238954  0.982828632747345557233668  -0.0682374473946393830597282  
4.71238898038468985787763  0.996090320574972387505409  -0.054050063463245525907327  0.986169757435316066249056  -0.109096163171928243424487  0.983950120443565499558924  -0.105079929091612307485873  0.999666539331636154832889  -0.0164531522351263143961369  0.998248687596517254481347  -0.0381952989641072017108596  0.993432330434443873717724  -0.0710566166469010577073613  
4.86946861306417951974906  1.0046390227177630718753  -0.0546155291051313759566549  1.0033135563415600955816  -0.112127632760655075914676  1.00031056544580706656102  -0.108861046080580958512335  1.00225442864597699460429  -0.0163543104225366817724551  1.00428230918297265751842  -0.0382734732368049858380497  1.0046580221724960845257  -0.0722550727261626185153913  
5.02654824574366918162049  1.01336715541402567998183  -0.0538069971856975958135949  1.02143462999279354449633  -0.112456487263465782226908  1.01789064793265475949383  -0.110138022095253622108636  1.00481066305839284607572  -0.0158465556298084974301598  1.01033920847137622593508  -0.0373857818925411575553507  1.01626771168714949715364  -0.0716550450327191843240184  
5.18362787842315884349192  1.02204522031008335691479  -0.0515496649055226886034127  1.04011438660568175218046  -0.109724217163866196369658  1.03634459690579800600092  -0.108473482334598451609707  1.00726937786071057100157  -0.0149351585890070767686936  1.01625891918482352349693  -0.0355137016745321623071175  1.02796532014201413255013  -0.0691081609935499679053979  
5.34070751110264850536336  1.03041316242915476954212  -0.0478096226032659028733251  1.0587984356658527978351  -0.103625797996939677514112  1.05516490711277222060323  -0.103447647174689996729148  1.00956492532587609699517  -0.0136365248064518831841527  1.02187140767553867311355  -0.0326675175644200085889844  1.03939661050032184491914  -0.0645156771007160145011815  
5.49778714378213816723479  1.03818815800143263627844  -0.0426061187384245637437517  1.07679324349657529311022  -0.0939630729600893377592989  1.07365812071123412291609  -0.0947198519669954907084885  1.01163394794933347625634  -0.0119784562389711066800494  1.02700294633297053135696  -0.0288904138829608399962777  1.05015654590758690826655  -0.0578516752330959894241522  
5.6548667764616278295399  1.04507749619821068180151  -0.0360223765952531658850579  1.09328523913216960972497  -0.0807079497437217947063506  1.09094489837022009279081  -0.0821134054915644739352913  1.01341760378579634894851  -0.00999996330062766049305394  1.03148364764776711243171  -0.0242611588960979932466178  1.05980645938797750208772  -0.049186301442342771333277  
5.81194640914111749097765  1.0507964020824438241674  -0.0282126697596897787353684  1.10739094047344854073334  -0.0640649740054343768278964  1.10600266365613698579026  -0.0657138351191173955971364  1.01486382659176900013481  -0.00775056312589701710874437  1.03515626233592117181898  -0.0188946910009175043519605  1.06790215484367146032453  -0.0387044664074461649205198  
5.96902604182060715328276  1.05508949522781972135601  -0.0194032707546346362692535  1.11824110500187603783797  -0.0445160589818574328475464  1.11776486398708681561324  -0.0459559586151207913857857  1.01592947827488266302615  -0.00528903649053542813853607  1.03788553506190406143517  -0.0129400460006243347012116  1.07403162813398202657562  -0.0267143815572157021501405  
6.12610567450009681515419  1.05775331795673956775637  -0.00988545036380664079384895  1.12509084684049740106553  -0.022826942976957267643248  1.12527402442582482688764  -0.0236626886914955536100771  1.01658223913797244643015  -0.00268166233709667005378238  1.03956715427712248424504  -0.00657534861788599382195785  1.07785785200907371266313  -0.0136407527607617709112804  
