0  1.30622287320061942095684  0  1.1453561581491787341007  3.75420574434765553795835e-22  1.14185772824776356952712  -1.84054629604705644572019e-21  1.28365767952567219058971  -3.28808742552201658881917e-22  1.09199308956634025659458  1.10945650710077388019475e-21  
0.15707963267948966192564  1.29713975212960311669298  0.0649718985792491175113787  1.14259145080618408456263  0.0263465407976761535014331  1.13895810627324052728172  0.0263541295529498976748736  1.27540712602307908024243  0.0597486920261620262285378  1.09046736127749838119686  0.0159013161717347028493042  
0.314159265358979323851281  1.27158189225185003874349  0.123419049552489783175995  1.1345251319732180887408  0.0513081575087796698009278  1.1305387488586217407862  0.0511548109185691281956593  1.25214695183329662020715  0.113649552256676596594836  1.08598288787607001376536  0.0311318106383278493269401  
0.471238898038468985776921  1.2338408499911777871285  0.170746511643801389569849  1.12179527482888644399333  0.0736781726437385843698916  1.11737161177231887837849  0.0730862205270117040178403  1.2176806002907305013323  0.157536409971375700628552  1.07880480246547444346181  0.0450820807367190368381612  
0.628318530717958647702562  1.18909478112561427156496  0.205069294631820961004234  1.10533105664656698154114  0.0925577660185979537603223  1.10055070508394668867252  0.0912308817088617406861864  1.17664094172501277875496  0.189629942579632225664729  1.06933512936989919667706  0.0572535380861738744782572  
0.785398163397448309628202  1.14192327856543337756892  0.226761781429676230310518  1.08620057024444404477227  0.107410485673420173359884  1.08128602502627777198329  0.105117654641231665231505  1.13317818735831877738351  0.210176785025715277661581  1.05806367878950565548316  0.0672877663155357056583902  
0.942477796076937971553843  1.09562951120209062228199  0.237485901316580272449883  1.06546902103980838745403  0.118044832029665139489243  1.06072773885058560603811  0.114671827790985472716177  1.09033296896188072191373  0.220611674570934181223067  1.04551627988669422876598  0.0749738660289621761345603  
1.09955742875642763342527  1.05223366257209083437976  0.239337115070564252630801  1.04409565285979678307942  0.124548756483917953257227  1.03985542282545500452923  0.120111119052896124677343  1.050001617403772354465  0.222797953224692583503916  1.03220958863010436315152  0.0802372438371132128988577  
1.25663706143591729540512  1.01276944893239388668319  0.234331272507353592394206  1.02287755048255034557095  0.127205091732838617975092  1.01943360134636702176141  0.121831586941358638197166  1.01318343468959286464166  0.218556795838018720628962  1.01861789047621534927586  0.0831163616802760836190693  
1.41371669411540695738497  0.977620420957422718750973  0.224182840554198621840732  1.00243356119215286826208  0.12641053769011047840337  1.00001557326867296978529  0.120311331581914972855001  0.980276183548079913497326  0.209454600010481794853268  1.00515328120342603557269  0.083734377120107624013854  
1.5707963267948966192564  0.946787395327347253842776  0.210255853771037403492322  0.98321525550811908879343  0.12261047267591314862301  0.981973618741840379841451  0.116042282197676092774798  0.951317239895368188214771  0.196748783194109802468044  0.992157666785420071415853  0.0822712005112324354318045  
1.72787595947438628112783  0.920069972839201925536405  0.193594174218981882024766  0.965532091500320152957764  0.116253070631087825908428  0.96553841420229144499026  0.109488814088748637201273  0.926150309646887986839755  0.181409137999838136244362  0.979903571497454768007059  0.0789393998072576349040721  
1.88495559215387594310769  0.89717896476042428182459  0.174977783959578649873286  0.949581257661169245414684  0.107760938513087199019025  0.950837334963925963197441  0.101066995407515067270719  0.904530235326037725356995  0.164165743370974128478618  0.968600517420661286940257  0.0739654491803488163868081  
2.04203522483336560497912  0.877801719861200549824796  0.154980369772900843721125  0.93547642769412178449101  0.0975163445119154521819856  0.937926911709294059066918  0.0911376101043248136558076  0.886184729194959056844567  0.145559861117669538495755  0.95840422983318665728315  0.0675764414250416520392592  
2.19911485751285526685055  0.861637994342598643516574  0.134019026982520738055767  0.923272630622494558415899  0.0858559071052924738335363  0.926818198701465804922872  0.0800073616835613954460229  0.870848773118031176023596  0.12598863819888611675316  0.94942667690501295822518  0.0599916097284574696864301  
2.35619449019234492893882  0.848418368526405739090887  0.112394116803107893731359  0.912986356080242024652136  0.0730713050040804309437077  0.917495571300311856866895  0.0679343540373870388092122  0.858282636419309889470701  0.105741321531698307475847  0.941745680898289031749045  0.0514176973817132707670111  
2.51327412287183459081025  0.837912759837802980842063  0.0903201513235505053182731  0.904611057830920457475173  0.0594134906584128692678493  0.909930132415529258321351  0.0551354113642043900060782  0.848280498799311422108201  0.0850275150355313886400919  0.935413411998281365915524  0.0420471992448797985881029  
2.67035375555132425268168  0.829933582007927113973877  0.0679494203711203435957383  0.898128675566384070409927  0.0450987290824387975667672  0.904088991090914237749865  0.0417938621341618164350582  0.840673930354933412599939  0.0639989122950851059578627  0.930463468896236896689758  0.0320586303371110605442591  
2.82743338823081391476995  0.824336223996777301857228  0.0453901090064874796545637  0.893517911291004573429066  0.0303154341439023035594295  0.899941509522727216328995  0.0280671066702186681592556  0.835332744023846069303038  0.0427660411804738770062012  0.926916487042296895844298  0.0216181576185933657509948  
2.98451302091030357664138  0.821018391573480856438904  0.0227204262360022369375117  0.890759939227464602319422  0.0152312338620225150753574  0.897463372531171304591433  0.0140937096589692123636109  0.832164679124831552334447  0.0214113827772789075680904  0.924784336508823763501816  0.0108821065977159220939868  
3.14159265358979323851281  0.819919185197693978282667  -7.8439163320830551416119e-21  0.889842095739124091548482  -4.54461271054338046734416e-21  0.896639094782320959472251  -5.13782605406595396858269e-21  0.831114744999767627317913  -7.5407778247068359334136e-21  0.924073014912557016097266  -1.2907701585375895845335e-21  
3.29867228626928290060108  0.821018391573480856438904  -0.0227204262360022369849456  0.890759939227464602319422  -0.0152312338620225151117799  0.897463372531171304699853  -0.0140937096589692123941041  0.832164679124831552226027  -0.0214113827772789076121362  0.924784336508823763447606  -0.0108821065977159221134686  
3.45575191894877256225567  0.824336223996777301857228  -0.0453901090064874796681162  0.893517911291004573429066  -0.0303154341439023035662057  0.899941509522727216600045  -0.0280671066702186681728081  0.835332744023846069194618  -0.0427660411804738770163656  0.926916487042296895844298  -0.021618157618593365756077  
3.61283155162826222434394  0.829933582007927113973877  -0.067949420371120343616067  0.898128675566384070572557  -0.0450987290824387976006485  0.904088991090914237858285  -0.0417938621341618164452226  0.840673930354933412599939  -0.0639989122950851059849677  0.930463468896236896689758  -0.0320586303371110605645879  
3.76991118430775188621537  0.837912759837802980842063  -0.0903201513235505053318257  0.904611057830920457529383  -0.0594134906584128692881781  0.909930132415529258375561  -0.0551354113642043900128545  0.848280498799311421837151  -0.0850275150355313886197631  0.935413411998281366186575  -0.0420471992448797985948792  
3.9269908169872415480868  0.848418368526405739090887  -0.112394116803107893744912  0.912986356080242024652136  -0.073071305004080430950484  0.917495571300311856650055  -0.0679343540373870387888834  0.858282636419309889470701  -0.105741321531698307482623  0.941745680898289031749045  -0.0514176973817132707602348  
4.08407044966673120995823  0.861637994342598643516574  -0.134019026982520738042214  0.923272630622494558307479  -0.0858559071052924738064313  0.926818198701465804814452  -0.0800073616835613954189179  0.870848773118031176077806  -0.12598863819888611675316  0.949426676905012958442021  -0.0599916097284574696796538  
4.24115008234622087226334  0.877801719861200549987427  -0.154980369772900843775335  0.93547642769412178454522  -0.0975163445119154522158669  0.937926911709294059175338  -0.0911376101043248136693601  0.886184729194959056898778  -0.145559861117669538536413  0.95840422983318665749999  -0.0675764414250416520731405  
4.39822971502571053370109  0.89717896476042428182459  -0.174977783959578649846181  0.949581257661169245306264  -0.107760938513087198985143  0.950837334963925963197441  -0.101066995407515067257167  0.904530235326037725356995  -0.164165743370974128451513  0.968600517420661286940257  -0.0739654491803488164071369  
4.5553093477052001960062  0.920069972839201925644825  -0.193594174218981882078976  0.965532091500320153120394  -0.116253070631087825955862  0.96553841420229144515289  -0.109488814088748637221602  0.926150309646887986948175  -0.181409137999838136298572  0.9799035714974547682239  -0.0789393998072576349379534  
4.71238898038468985787763  0.946787395327347253842776  -0.210255853771037403478769  0.98321525550811908868501  -0.122610472675913148602681  0.981973618741840379949871  -0.116042282197676092781575  0.951317239895368188214771  -0.196748783194109802454491  0.992157666785420071307432  -0.0822712005112324353640419  
4.86946861306417951974906  0.977620420957422718750973  -0.224182840554198621840732  1.0024335611921528683705  -0.12641053769011047840337  1.00001557326867296978529  -0.120311331581914972841448  0.980276183548079913605746  -0.209454600010481794880373  1.00515328120342603557269  -0.0837343771201076240003015  
5.02654824574366918162049  1.01276944893239388668319  -0.234331272507353592407758  1.02287755048255034546253  -0.127205091732838618002197  1.01943360134636702154457  -0.121831586941358638203942  1.01318343468959286464166  -0.218556795838018720642515  1.01861789047621534927586  -0.0831163616802760836190693  
5.18362787842315884349192  1.05223366257209083437976  -0.239337115070564252630801  1.044095652859796782971  -0.12454875648391795321657  1.03985542282545500452923  -0.120111119052896124677343  1.050001617403772354465  -0.222797953224692583503916  1.03220958863010436315152  -0.0802372438371132128988577  
5.34070751110264850536336  1.09562951120209062228199  -0.237485901316580272449883  1.06546902103980838767087  -0.118044832029665139489243  1.06072773885058560592969  -0.114671827790985472702624  1.09033296896188072148005  -0.220611674570934181155305  1.0455162798866942288744  -0.0749738660289621761481128  
5.49778714378213816723479  1.14192327856543337756892  -0.226761781429676230310518  1.08620057024444404488069  -0.107410485673420173380213  1.08128602502627777187487  -0.105117654641231665197624  1.13317818735831877716667  -0.210176785025715277607371  1.05806367878950565548316  -0.0672877663155357056583902  
5.6548667764616278295399  1.18909478112561427156496  -0.205069294631820960895813  1.10533105664656698121587  -0.0925577660185979536519021  1.1005507050839466885641  -0.0912308817088617406116475  1.17664094172501277908022  -0.189629942579632225596966  1.06933512936989919667706  -0.0572535380861738744511522  
5.81194640914111749097765  1.23384084999117778723692  -0.170746511643801389624059  1.12179527482888644442701  -0.0736781726437385843969967  1.11737161177231887848691  -0.0730862205270117040381691  1.21768060029073050144072  -0.15753640997137570066921  1.07880480246547444346181  -0.0450820807367190368652662  
5.96902604182060715328276  1.27158189225185003885191  -0.123419049552489783115009  1.13452513197321808895764  -0.0513081575087796697772109  1.1305387488586217407862  -0.0511548109185691281753305  1.25214695183329661999031  -0.113649552256676596513521  1.08598288787607001365694  -0.0311318106383278493269401  
6.12610567450009681515419  1.29713975212960311690982  -0.0649718985792491174639449  1.14259145080618408467105  -0.026346540797676153499739  1.1389581062732405277154  -0.0263541295529498976647092  1.27540712602307908089296  -0.0597486920261620262014328  1.09046736127749838119686  -0.0159013161717347028391398  
