0  1.04700110947351026475204  2.41919844742571073721106e-21  1.09033740877586959427525  -4.42533106700440044977597e-21  1.03200842864756568619672  5.42620891773058235626861e-21  1.00708331358436871730538  4.12048275222456975665459e-22  
0.15707963267948966192564  1.04629290013687754478007  0.00786399539991473885781675  1.08871765215996804004352  0.0160397998906903846172986  1.03155549588551650650424  0.00524355769488653672768955  1.00699332191886880964217  0.00111957800932824977450117  
0.314159265358979323851281  1.04420187890881062029412  0.0154464160006275714440193  1.08397615786456371321511  0.0313110891174858647976846  1.03021466340863113728479  0.0103192007840589767723527  1.00672584591344776441205  0.00220984227687233230046776  
0.471238898038468985776921  1.04082547330591004591978  0.0224847296448231872206336  1.0764458791325819140899  0.0451316341141484220060055  1.02803844546544963288546  0.0150679713544508525163408  1.00628829090192439214141  0.00324238150575815099361469  
0.628318530717958647702562  1.03631541176238018732436  0.0287517840106844760469582  1.06662043704156046059969  0.0569711622589860149762885  1.02510996141414632734472  0.0193478530375138736067779  1.00569269940575190707462  0.00419054715057349587035637  
0.785398163397448309628202  1.03086384911122456563976  0.0340673958096612799063656  1.05508196013692624000077  0.0664841074303194078164245  1.02153700140066530177921  0.0230399969302480072926367  1.0049553211301501106853  0.00503023296695562658546567  
0.942477796076937971553843  1.02468750237064836015183  0.0383042322269112291881557  1.04242996829381662281331  0.0735087365713107754121823  1.01744490188226720467704  0.0260527180538127119005607  1.00409604791338872317556  0.00574054176070860371267936  
1.09955742875642763342527  1.01801213394755772374128  0.041388163951528367061599  1.02922514224168564563218  0.078041185870793329130762  1.01296909383518096638317  0.0283231553477732394380993  1.00313774592592839715859  0.00630431608033209166740661  
1.25663706143591729540512  1.01105919565019783639814  0.0432941455402576177199491  1.01595392534009351572649  0.0801966132291360843278687  1.00824809086879904249621  0.0298168131268659467383864  1.00210552079236065890419  0.00670851952520776250755985  
1.41371669411540695738497  1.00403568019198458517033  0.0440391304259355737384194  1.00301303649234717189909  0.0801683819291658200070945  1.00341748122461015576938  0.0305254284441066317990106  1.00102595152088767911647  0.00694446529098014439236423  
1.5707963267948966192564  0.997127471605652737792185  0.0436735651276935541017718  0.99070911223161316715418  0.0781924032985537137250978  0.998605241519069200951779  0.0304637147279415086123435  0.999926326519464193421684  0.00700789754441309993408284  
1.72787595947438628112783  0.990495910955102868344566  0.0422727540657377367919797  0.979267730608635193171197  0.0745198206771541553827733  0.993928458529425094391402  0.0296655290781782364246  0.998833910193836776005363  0.00689893846016631571808897  
1.88495559215387594310769  0.98427695907931560433124  0.0399289991568163727254752  0.968846889758629802220664  0.0693983535517893103416499  0.98949136532550687568241  0.0281799308957371814969269  0.997775262458844203867191  0.00662191882341814578162402  
2.04203522483336560497912  0.978582220515469634880557  0.0367450257649871434218651  0.959551494377328783875591  0.0630610686037879472815894  0.985384483667830396219547  0.0260674807310185748394351  0.99677562677348741814647  0.00618511288550127500903992  
2.19911485751285526685055  0.973501127718545099243297  0.0328288850728750490181457  0.951446829325503999022929  0.0557208051480577065987451  0.981684611875636425610929  0.0233970024382625280709273  0.995858395769128320088818  0.00560039880834927558032974  
2.35619449019234492893882  0.969103702197980310106828  0.0282903000069430817116616  0.944570072619310230159755  0.0475685389021538353865586  0.978455392233393954034334  0.020242920257634386326461  0.995044657755761589520982  0.00488286489863993640122859  
2.51327412287183459081025  0.965443453681102066064532  0.0232382921375078424123346  0.938939583540368230714628  0.0387742863814334756837935  0.975748217393346137715424  0.0166831956577208130360242  0.994352822748417952680982  0.0040503793771151565277942  
2.67035375555132425268168  0.962560114745202324740107  0.0177798693761177041390239  0.93456207296449476072675  0.029489528439169532141094  0.973603275868955877299024  0.0127978285147075447513907  0.993798323349434273017537  0.00312313814954438213390177  
2.82743338823081391476995  0.960482019372449246751976  0.0120195442836810824905583  0.931437923277285942120357  0.0198504668314118423175848  0.972050581313760404561942  0.00866785015129517415774594  0.993393383884570998197151  0.00212320141369838690398883  
2.98451302091030357664138  0.959228014892690396459886  0.00605946905979619678458688  0.929564959266721889700677  0.00998168871445010622470259  0.971110871888972114842654  0.00437471627565932652526286  0.993146850529720555541494  0.00107402635741318257960909  
3.14159265358979323851281  0.958808850228286217894091  -2.49088007583461595035852e-21  0.928940937877259762227994  -6.29010843529435019439711e-21  0.970796301350108800719101  -1.73387128031265590843338e-22  0.99306407560488183764065  -4.93217965693835163416573e-22  
3.29867228626928290060108  0.959228014892690396351466  -0.00605946905979619678119874  0.929564959266721890188568  -0.00998168871445010624672545  0.971110871888972114842654  -0.00437471627565932653203913  0.993146850529720555541494  -0.00107402635741318257283283  
3.45575191894877256225567  0.960482019372449246751976  -0.0120195442836810825041108  0.931437923277285942174567  -0.0198504668314118423040322  0.972050581313760404399311  -0.00866785015129517415096968  0.99339338388457099776347  -0.00212320141369838688366004  
3.61283155162826222434394  0.962560114745202324631687  -0.0177798693761177041390239  0.93456207296449476083517  -0.0294895284391695321478703  0.973603275868955876865343  -0.0127978285147075447513907  0.993798323349434272692277  -0.0031231381495443821271255  
3.76991118430775188621537  0.965443453681102065793481  -0.0232382921375078423987821  0.938939583540368231039889  -0.0387742863814334756837935  0.975748217393346138094894  -0.0166831956577208130360242  0.994352822748417952897822  -0.00405037937711515651424167  
3.9269908169872415480868  0.969103702197980310052618  -0.0282903000069430816845566  0.944570072619310230485016  -0.0475685389021538354136637  0.978455392233393953925914  -0.0202429202576343863806711  0.995044657755761589575192  -0.00488286489863993638767606  
4.08407044966673120995823  0.973501127718545099243297  -0.0328288850728750490045931  0.951446829325503998697668  -0.0557208051480577066258502  0.981684611875636425177248  -0.0233970024382625280302698  0.995858395769128320414078  -0.00560039880834927556677721  
4.24115008234622087226334  0.978582220515469634717926  -0.0367450257649871434489702  0.959551494377328783875591  -0.0630610686037879472951419  0.985384483667830396165337  -0.0260674807310185748800927  0.996775626773487418038049  -0.00618511288550127507680255  
4.39822971502571053370109  0.98427695907931560433124  -0.0399289991568163726983701  0.968846889758629802491714  -0.069398353551789310368755  0.98949136532550687568241  -0.0281799308957371814020592  0.997775262458844204192451  -0.00662191882341814570030886  
4.5553093477052001960062  0.990495910955102868615616  -0.0422727540657377367919797  0.979267730608635193116987  -0.0745198206771541554234309  0.993928458529425094120351  -0.0296655290781782364788102  0.998833910193836775896943  -0.00689893846016631574519402  
4.71238898038468985787763  0.997127471605652738063236  -0.0436735651276935541017718  0.99070911223161316699155  -0.0781924032985537137386504  0.998605241519069201060199  -0.0304637147279415086123435  0.999926326519464193475894  -0.00700789754441309998829295  
4.86946861306417951974906  1.00403568019198458495349  -0.0440391304259355737113144  1.00301303649234717146541  -0.0801683819291658199528844  1.00341748122461015598622  -0.0305254284441066317719055  1.00102595152088767911647  -0.00694446529098014444657434  
5.02654824574366918162049  1.01105919565019783628972  -0.0432941455402576176386339  1.01595392534009351529281  -0.0801966132291360843278687  1.00824809086879904238779  -0.0298168131268659467383864  1.00210552079236065890419  -0.0067085195252077624804548  
5.18362787842315884349192  1.01801213394755772374128  -0.041388163951528367061599  1.0292251422416856457406  -0.0780411858707933290494468  1.01296909383518096616633  -0.0283231553477732394652044  1.00313774592592839715859  -0.0063043160803320916131965  
5.34070751110264850536336  1.02468750237064836015183  -0.0383042322269112291339456  1.04242996829381662237963  -0.0735087365713107753850773  1.01744490188226720435178  -0.0260527180538127119005607  1.00409604791338872295872  -0.00574054176070860379399452  
5.49778714378213816723479  1.0308638491112245658566  -0.0340673958096612799605757  1.05508196013692623978393  -0.0664841074303194078706346  1.02153700140066530156237  -0.0230399969302480073739519  1.0049553211301501106853  -0.00503023296695562655836062  
5.6548667764616278295399  1.0363154117623801875412  -0.0287517840106844760469582  1.06662043704156046005759  -0.0569711622589860150304986  1.02510996141414632734472  -0.0193478530375138736880931  1.00569269940575190739988  -0.00419054715057349595167153  
5.81194640914111749097765  1.04082547330591004624504  -0.022484729644823187179976  1.07644587913258191387306  -0.0451316341141484219789005  1.02803844546544963277704  -0.0150679713544508524214732  1.00628829090192439214141  -0.00324238150575815087164194  
5.96902604182060715328276  1.04420187890881062029412  -0.0154464160006275713898092  1.08397615786456371245617  -0.031311089117485864729922  1.03021466340863113717637  -0.0103192007840589767181426  1.00672584591344776452047  -0.00220984227687233225981018  
6.12610567450009681515419  1.04629290013687754488849  -0.00786399539991473886459301  1.08871765215996804036878  -0.0160397998906903846308512  1.0315554958855165068295  -0.00524355769488653673446581  1.00699332191886880975059  -0.00111957800932824978127744  
