0  1.04700110947326404243866  1.24957368046954327760509e-21  1.00693006602524951116628  -6.16667536635971325802111e-22  1.01075814590196041530944  -2.2837395785011763214234e-21  1.00708331358435531515706  -2.32265908806921328031525e-21  
0.15707963267948966192564  1.04629290013664560021669  0.00786399539983354977404047  1.00684208083541282025171  0.00109511201291667560999473  1.01061923954611285224933  0.00170950502973754253855038  1.00699332191885608045814  0.00111957800932406694284851  
0.314159265358979323851281  1.04420187890861951610869  0.0154464160004753288185034  1.00658056245480928558855  0.00216158833119150831330972  1.01020661013148434670579  0.00337283763406694042153756  1.00672584591343698559932  0.00220984227686439190191207  
0.471238898038468985776921  1.04082547330578074581183  0.022484729644618554062342  1.00615273370102298734589  0.00317167098227303352413718  1.00953235173494332245145  0.00494539633032579381913003  1.00628829090191663814431  0.00324238150574725836675343  
0.628318530717958647702562  1.03631541176232547176068  0.028751784010451786419843  1.00557034229390109187664  0.00409931683988832915716254  1.00861605187656358105681  0.00638563215648004890245912  1.00569269940574794182202  0.00419054715056075157526231  
0.785398163397448309628202  1.03086384911124785733819  0.0340673958094270376610819  1.00484924412442276370899  0.0049209569073365839705133  1.00748398363734748125684  0.00765636072220365684350661  1.00495532113015031061218  0.00503023296694231019754277  
0.942477796076937971553843  1.02468750237074399220445  0.0383042322267006279576905  1.00400885526451765438708  0.00561614678820437286557547  1.00616806055777183615419  0.00872584151162193429399072  1.00409604791339304426332  0.00574054176069604230893927  
1.09955742875642763342527  1.0180121339477124190083  0.0413881639513623859004919  1.00307150372855509023063  0.00616808576371737459615417  1.00470462712990256306123  0.00956858328985657439623609  1.00313774592593638360864  0.00630431608032152419277688  
1.25663706143591729540512  1.01105919565039296102206  0.0432941455401510369601064  1.00206171529478656439648  0.00656399139220180743927065  1.00313316246685308504461  0.0101658584859420473721272  1.00210552079237149572175  0.00670851952520021689412022  
1.41371669411540695738497  1.00403568019219872604984  0.0440391304258960185195101  1.00100546797398612158727  0.00679532608464200060002618  1.0014949714920211683777  0.0105059322522942234616212  1.00102595152090027949728  0.006944465290976338436163  
1.5707963267948966192564  0.997127471605864199662335  0.0436735651277214829057895  0.999929447294257606507987  0.00685788073871605017195648  0.999831928199067092874822  0.010584030983702876637818  0.999926326519477309936936  0.0070078975444133759448509  
1.72787595947438628112783  0.990495910955291809058768  0.042272754065827175610744  0.998860330055720916037163  0.00675172751077465733504993  0.99818532134598338156125  0.0104020887902365006204806  0.998833910193849125718629  0.00689893846017061357681587  
1.88495559215387594310769  0.984276959079465661056098  0.0399289991569561517287344  0.997824118351197171365458  0.00648105874523223631725882  0.996594836729282773960751  0.00996831815218106147280519  0.997775262458854595023442  0.00662191882342601584256377  
2.04203522483336560497912  0.97858222051556898959555  0.0367450257651624037543705  0.996845539231422374530818  0.00605393183963762365523611  0.995097694099222762446899  0.00929665303749433455989676  0.996775626773494859730711  0.00618511288551192908431817  
2.19911485751285526685055  0.973501127718587016179799  0.0328288850730688278354652  0.995947519120233644787394  0.0054819405377400679343523  0.99372794250151985694184  0.00840611007835587493324837  0.995858395769132116964826  0.00560039880836166672367117  
2.35619449019234492893882  0.969103702197963215220124  0.0282903000071378352944969  0.995150736512604422185496  0.00477983213888970775778606  0.992515906436994443235149  0.00732010727596639092012651  0.99504465775576139897245  0.00488286489865286273386741  
2.51327412287183459081025  0.965443453681029258364992  0.0232382921376868166658293  0.994473251991398979983058  0.00396508782688466038571749  0.991487767200677855717467  0.00606577149786418911854135  0.994352822748413816341274  0.00405037937712737613679941  
2.67035375555132425268168  0.962560114745081406057055  0.0177798693762660992427377  0.993930211372023124198616  0.0030574802276299849703345  0.990665259098102941653571  0.00467325698692518408166804  0.993798323349426604780832  0.00312313814955472961035817  
2.82743338823081391476995  0.96048201937229134051181  0.0120195442837869877179087  0.993533615866181808891616  0.00207861885365748202318757  0.990065458610156851222955  0.00317508820923027424955798  0.993393383884560543127182  0.00212320141370588079420857  
2.98451302091030357664138  0.959228014892509231806295  0.00605946905985128774310179  0.993292152464829379598151  0.00105149067650809521689485  0.989700645479369082730802  0.00160553234226964978257506  0.993146850529708317826313  0.00107402635741711483519903  
3.14159265358979323851281  0.958808850228097121217406  -1.94988217251294758794906e-21  0.993211078112182873427801  -4.36693523029591821095778e-23  0.989578217551285024302082  1.45175468331119704312162e-21  0.99306407560486898686335  -5.2390136579500830547999e-22  
3.29867228626928290060108  0.959228014892509231860505  -0.00605946905985128776004245  0.993292152464829379977622  -0.00105149067650809522705925  0.989700645479369082947643  -0.00160553234226964979951572  0.993146850529708318259994  -0.00107402635741711485213969  
3.45575191894877256225567  0.960482019372291340349179  -0.0120195442837869877314612  0.993533615866181808891616  -0.00207861885365748202318757  0.990065458610156851656636  -0.00317508820923027424278171  0.993393383884560542856131  -0.00212320141370588078743231  
3.61283155162826222434394  0.962560114745081405677584  -0.0177798693762660992427377  0.993930211372023124035986  -0.00305748022762998499066329  0.990665259098102941545151  -0.00467325698692518409522057  0.993798323349426604509781  -0.00312313814955472960358191  
3.76991118430775188621537  0.965443453681029258527622  -0.0232382921376868166658293  0.994473251991398980199899  -0.00396508782688466033150738  0.991487767200677855825887  -0.00606577149786418910498882  0.994352822748413816449694  -0.00405037937712737612324689  
3.9269908169872415480868  0.969103702197963215220124  -0.028290300007137835375812  0.995150736512604422293916  -0.00477983213888970783910122  0.99251590643699444339778  -0.00732010727596639098788914  0.99504465775576139908087  -0.00488286489865286278807752  
4.08407044966673120995823  0.973501127718587016450849  -0.0328288850730688278625703  0.995947519120233644787394  -0.00548194053774006796145735  0.99372794250151985694184  -0.00840611007835587500101101  0.995858395769132117127456  -0.00560039880836166676432875  
4.24115008234622087226334  0.978582220515568989161869  -0.0367450257651624037543705  0.996845539231422374476608  -0.00605393183963762358747347  0.995097694099222762446899  -0.0092966530374943345327917  0.99677562677349485940545  -0.0061851128855119290978707  
4.39822971502571053370109  0.984276959079465661381358  -0.0399289991569561517016293  0.997824118351197171473878  -0.0064810587452322361546285  0.9965948367292827736897  -0.00996831815218106141859508  0.997775262458854594752392  -0.00662191882342601584256377  
4.5553093477052001960062  0.990495910955291809329819  -0.042272754065827175637849  0.998860330055720916254004  -0.00675172751077465733504993  0.998185321345983381344409  -0.0104020887902365006204806  0.99883391019384912598968  -0.00689893846017061357681587  
4.71238898038468985787763  0.997127471605864199662335  -0.0436735651277214828244744  0.999929447294257606453777  -0.00685788073871605009064131  0.999831928199067092874822  -0.0105840309837028765565028  0.999926326519477309720096  -0.00700789754441337589064079  
4.86946861306417951974906  1.0040356801921987263751  -0.0440391304258960184653  1.00100546797398612158727  -0.00679532608464200065423629  1.00149497149202116826928  -0.0105059322522942234887262  1.00102595152090027938886  -0.00694446529097633846326805  
5.02654824574366918162049  1.01105919565039296167258  -0.0432941455401510369330013  1.00206171529478656428806  -0.00656399139220180730374538  1.00313316246685308515303  -0.0101658584859420473179171  1.00210552079237149539648  -0.00670851952520021683991011  
5.18362787842315884349192  1.01801213394771241976724  -0.0413881639513623859004919  1.00307150372855509055589  -0.00616808576371737456904912  1.00470462712990256316965  -0.00956858328985657431492093  1.00313774592593638350022  -0.00630431608032152419277688  
5.34070751110264850536336  1.02468750237074399263813  -0.0383042322267006279034804  1.00400885526451765417024  -0.00561614678820437281136536  1.00616806055777183626261  -0.00872584151162193429399072  1.00409604791339304426332  -0.0057405417606960422276241  
5.49778714378213816723479  1.03086384911124785722977  -0.0340673958094270377559495  1.00484924412442276360057  -0.00492095690733658399761835  1.00748398363734748201578  -0.00765636072220365687061167  1.00495532113015031061218  -0.00503023296694231017043772  
5.6548667764616278295399  1.0363154117623254718691  -0.0287517840104517863656329  1.00557034229390109209348  -0.00409931683988832914361002  1.00861605187656358127365  -0.00638563215648004886180154  1.00569269940574794149676  -0.00419054715056075162947242  
5.81194640914111749097765  1.04082547330578074581183  -0.022484729644618554062342  1.00615273370102298734589  -0.00317167098227303351058465  1.00953235173494332255987  -0.00494539633032579381913003  1.00628829090191663781905  -0.00324238150574725838030596  
5.96902604182060715328276  1.04420187890861951600027  -0.0154464160004753288185034  1.00658056245480928548013  -0.00216158833119150838107236  1.01020661013148434670579  -0.00337283763406694043509009  1.00672584591343698538247  -0.0022098422768643919154646  
6.12610567450009681515419  1.04629290013664560010827  -0.00786399539983354977404047  1.00684208083541282003487  -0.00109511201291667560999473  1.01061923954611285224933  -0.00170950502973754255210291  1.00699332191885608056656  -0.00111957800932406693607225  
