5.336844299819177e-10	2.1347299480816794e-09	8.53889691945387e-09	3.415551593917983e-08	
1.7724094249655955	0.17579310615229105	-0.09577539577594685	-0.009626186756719335	
2.50653306445622	0.39892406804185754	0.06748607910929749	-0.04437008790125674	
2.925907823705697	0.4420482696514263	0.005640148874270778	-0.11373807383631629	
3.209059288949058	0.42375903282457195	-0.06835815432340553	-0.12210511936245894	
3.413601106611095	0.3763302132648221	-0.12444457244052387	-0.08644089460176474	
3.564619133933464	0.3171297774968611	-0.1525983389807095	-0.029281104431447602	
3.6767439683498377	0.2575166625592189	-0.15601804879358383	0.021528483820702604	
3.7600564855106167	0.20371858682534416	-0.14353124654849125	0.05343693617055578	
3.821939138473576	0.15822208804142868	-0.1234966656931249	0.06696310590018584	
3.8678839177710937	0.12129860669698012	-0.10164512166326745	0.06771258920412038	
3.901984449928739	0.09213601757556589	-0.0811641721982852	0.06141640885994093	
3.9272886603610866	0.06952359481482162	-0.06345904076626141	0.05221498889022769	
3.946062984966483	0.05221218243010739	-0.048884700601078634	0.042582644967524175	
3.959991217533201	0.03907712939700225	-0.0372616040158249	0.03377003054447414	
3.970323586788865	0.029173983471322273	-0.02818771922527219	0.026269891061474482	
3.9779880799307845	0.021741371334098147	-0.021207474447962227	0.020160980604487122	
3.9836733537533453	0.016181175587913543	-0.01589300739050259	0.015324907373724272	
3.9878903880506975	0.01203151080491871	-0.01187637005000397	0.011569250636739525	
3.9910182905797655	0.008939842637664341	-0.008856512616404189	0.008691057206078767	
3.9933383100043516	0.0066392832874573315	-0.006594622059736821	0.006505754605313996	
3.9950590846109795	0.004928944196096907	-0.004905058638087212	0.004857457609659832	
3.9963353813342843	0.0036582347487499334	-0.003645487854299745	0.003620056787667636	
3.9972820015583257	0.002714600804910816	-0.0027078130310940196	0.0026942599624817376	
3.9979840987956283	0.0020140973142517282	-0.002010493021415982	0.002003294888254459	
3.998504834182701	0.0014942100261094993	-0.0014922994556485492	0.0014884813497246796	
3.9988910551439334	0.0011084393411397997	-0.0011074282259500023	0.0011054057413275586	
3.9991775083161873	0.0008222249033416063	-0.0008216912017644518	0.000820623376966978	
3.9993899652664915	0.0006098937852172526	-0.0006096102684125526	0.0006090383772061614	
3.9995475418054425	0.0004523845461594789	-0.0004522376953133289	0.00045194533277026494	
3.9996644142751183	0.00033554676537228545	-0.0003354724997990388	0.000335334937517473	
3.9997510974060493	0.00024888701122094403	-0.0002488562791285176	0.00024879613101802533	
3.999815388495776	0.0001846098494855397	-0.00018456164498559247	0.00018433057357469806	
3.999863077148602	0.00013691572287655163	-0.00013693424661198605	0.00013706961544812657	
3.999898447301509	0.00010153635257736937	-0.0001015044649363972	0.00010144315365323564	
3.9999246766874816	7.530840047387244e-05	-7.532866402470972e-05	7.551950511697214e-05	
3.9999441509268494	5.591380748448671e-05	-5.592724511416236e-05	5.5605948091397295e-05	
3.999958575303064	4.144285258966818e-05	-4.165990628735017e-05	4.2635954969227896e-05	
3.9999693237840113	3.069008764988723e-05	-3.140012303504136e-05	3.486651894490933e-05	
3.9999772697951688	2.2706573913566785e-05	-2.2715504400139253e-05	2.2897214421391254e-05	
