0.0	0.0	0.0	0.0	
1.6124635378531331	0.23735195265355724	-0.05338688062354002	-0.10066374391716693	
2.328863228398909	0.3814212796862595	-0.05995878841606128	-0.08110220947804692	
2.6910499734938025	0.3220608754910934	-0.08547113265395012	0.01618606063129846	
2.8885098593162466	0.2500528446760448	-0.051119825022610144	0.08260425630328427	
3.00291303102627	0.20284857427317426	-0.004775572247275761	0.09129147728953058	
3.073544691457208	0.17778911821934962	0.03248216271565241	0.07589323469926512	
3.1203506911620873	0.1670961398362394	0.05792370516818579	0.05590779799820211	
3.1538316178300434	0.16481362759077278	0.07404316642308117	0.03764044961985746	
3.1796747826532457	0.1671934559600512	0.08373119215833924	0.022054335736584108	
3.2010307873906525	0.17202329753817303	0.08915506308717625	0.008634393063402968	
3.219676339152817	0.17802910623269064	0.09174754973942356	-0.0032890631877080523	
3.236627738056491	0.18448527931153258	0.0924149686586162	-0.014211721157948887	
3.2524732270026737	0.19098209666116972	0.0917262089897406	-0.024436589166725753	
3.2675568680186236	0.19729127444083083	0.09004343407424642	-0.03412571874036985	
3.2820819724550216	0.20328896872513802	0.08760417640614548	-0.04335216376171047	
3.296170044836223	0.20891164695277809	0.08457088862425621	-0.05213783023327778	
3.309894695653668	0.214130695193262	0.08106016941763983	-0.06047752089705227	
3.3233014076457104	0.21893783213611506	0.07716019678396435	-0.06835461952027799	
3.3364189651466463	0.2233360452552393	0.07294043166517383	-0.07574664617175131	
3.3492664298902906	0.2273351257145606	0.06845750413387464	-0.0826309867134114	
3.361856957211281	0.23094718077359033	0.06376622840923574	-0.08900759594655483	
3.374199640146321	0.2341972121190512	0.05890857942476657	-0.09489694060573584	
3.3862985755190267	0.23706669583707907	0.05393439521539278	-0.10021102974212681	
3.398209074901359	0.2396346517636836	0.04889827408116787	-0.10530952934311699	
3.4099042368038015	0.2419930240214434	0.043414487989863915	-0.108971504093347	
3.4213654470682187	0.2437229816793849	0.03915592858685102	-0.11547230126814156	
3.4321467171912605	0.24517886937858968	0.034594268573499676	-0.11983174208899072	
3.439383672187998	0.23928632103542036	0.06136657914412069	-0.20618212001431857	
3.4549569773770643	0.23647047010806155	0.018084459301874745	-0.05382341192239437	
3.472944046275975	0.24175142357731794	0.09325933117695229	-0.39908057311447465	
3.4762897571415485	0.256177203717014	0.17958933960635193	-0.8109575568921628	
3.1066240745349156	0.3506633101945358	4.430147112885983	-10.79340854795862	
3.5475186845116804	-0.35773308156475814	0.5653317031582645	-0.3146243118065968	
3.089537971244477	-2.827283299166238	-5.916118896627232	-11.01500613681003	
3.6485120144880443	-5.487968487524155	8.145822276159976	-97.05836858638429	
8.968598043398574	-23.989880625313234	206.39670240716327	-2750.8490411191888	
6.41616805538311	-13.26720256357035	97.85424738639182	-1070.678980710869	
-5.83619886970374	-106.30261476541904	-2137.89986147942	-65787.12852515194	
19.556714930307212	-363.6758221761163	13576.10961966859	-773028.8710159675	
