nu	A2	M12	M22	A3	M13	M23	M33	A4	M14	M24	M34	M44
0	0.36380617932690995	2.560601064516277e-09	1.2472590953487593e-08	0.36380617932690995	2.560601064516277e-09	1.2472590953487593e-08	6.104255558103703e-08	0.36380617932690995	2.560601064516277e-09	1.2472590953487593e-08	6.104255558103703e-08	2.999349704341089e-07
1	0.3216881185548812	1.6093250986617675	0.3166293062152869	0.24740746639931852	1.7032434025791594	0.33994957851606433	-0.21098714672892713	0.2529859432062257	1.748181843872172	0.1884057780060311	-0.09351776890575181	-0.024574593760760877
2	0.15258203390227223	2.6235288898623925	0.6724724078011975	0.15267050194041762	2.6231236818959136	0.4571602402305747	0.007962516453084106	0.15328737166432768	2.619495684585971	0.4703587779955315	0.021782331874426103	-0.03413825929895341
3	0.09046824017532822	3.137855959299965	0.7458667829904776	0.09046866441017475	3.1378186298747988	0.5560407614986467	0.04370654221860093	0.09262855396037159	3.0830687247769117	0.7784128607804245	0.08977182204574573	-0.08514125647560067
4	0.05403306192818174	3.470354658315586	0.7640070924269314	0.054032013437639415	3.4703421329101363	0.5839683764021917	0.028195982422502652	0.054032013437639415	3.4703421329101363	0.5839683764021917	0.028195982422502652	-0.10002352484423227
5	0.032653234339494346	3.7007730908895953	0.7618985102572811	0.032652976125724854	3.6970627242680125	0.7619365797109846	-0.003590843922307745	0.0412359176296754	3.5107597522510527	0.3727238923399621	-0.03866848120465226	-0.23760821872389332
6	0.01997016423904311	3.86900627974185	0.5643976153450421	0.01997016423904311	3.86900627974185	0.5643976153450421	-0.03764077564534318	0.020989057297977953	3.603505551305303	0.37379363724061193	-0.36256000352787254	-0.13292048761132538
7	0.012347655105647299	3.996725792734382	0.5433407793181484	0.012347655105647299	3.996725792734382	0.5433407793181484	-0.06811975037415152	0.011702038304926499	4.336835091276044	0.7044022416237533	-0.8276490078612766	-0.5551537771151943
8	0.0077086467592407905	4.0969768446342565	0.5207383765168778	0.0077086467592407905	4.0969768446342565	0.5207383765168778	-0.09401680181903771	0.008094889997094668	4.295231478782362	0.8111592045527419	-0.6829749584405729	-0.6100311410140344
9	0.004853046391942199	4.177866128116918	0.49799221622355816	0.004853046391942199	4.177866128116918	0.49799221622355816	-0.11502363495955592	0.009951724158956623	4.158238255152899	0.6686951739411411	-0.15766233282122147	-0.12751087957541113
10	0.003077444682761249	4.244669650452348	0.4757073135665557	0.0032061029954402265	4.238404242087122	0.5173685196020564	-0.17446029709780192	0.0031784156548629603	4.538815150056408	0.768140292505262	-0.76587107792442	-0.7337060881188773
11	0.001963788914175772	4.301634482010943	0.6734213820468268	0.001918105879320338	4.413294750785237	0.6174652216334247	-0.1564356798920912	0.0019658100418878223	4.589857495820399	0.7228318910362845	-0.8145349753235163	-0.7065933972267976
12	0.0012601395528015955	4.493931372647042	0.6555486311731838	0.0012596145762314391	4.349115337033366	0.4335199439111044	-0.15141520249662221	0.00121839066211697	4.628050169904285	0.6758074962977443	-0.8092472356340125	-0.6256377057805339
13	0.0008120712216862972	4.391924476949429	0.6408851912504279	0.0007918927890121046	4.4342595159439195	0.5635580339808887	-0.16642913522354463	0.0007567282219445138	4.6222483593538195	0.515898954450604	-0.3871893474621944	-0.14670853914886353
14	0.0005255279119149259	4.42865083244883	0.6247748022507815	0.0023130947283968614	4.419773572185721	0.41241260459361956	-0.1407748221113979	0.0005863768839896294	4.6084625889330395	0.46943776670613596	-0.3444792751870522	-0.0962857075103485
15	0.0003412865892968431	4.46103786625874	0.608823588838011	0.00034085168114425746	4.46028868156559	0.3776669396567591	-0.15948326261886336	0.00032152048510659644	4.628763061714772	0.4721586292537209	-0.33487501210199017	-0.11975232811852417
16	0.0002616258600312008	4.489443699829657	0.36119939798770845	0.0002218964553957511	4.489439202075557	0.3611702712376115	-0.15854859233905927	0.00020365729865049351	4.667653467983546	0.53779497331119	-0.4780090035666886	-0.20891862106051573
17	0.000178306882143964	4.515687461763152	0.34575893005901515	0.00014482292411923975	4.515693462995287	0.3457248287775343	-0.1565620375142487	0.00016001144857520858	4.52504022081807	0.37934861813573595	-0.1883258652541699	-0.017539626812343504
18	9.508507976674172e-05	4.537655686926193	0.5624314450048203	9.47301278037402e-05	4.539482975035865	0.3312993210506576	-0.15386350860671882	9.112054187577242e-05	4.625137420651532	0.5398253564505097	-0.3033062045157035	-0.0926921036354704
19	6.235900353435188e-05	4.413215586789454	0.5488754280420208	6.208501511563867e-05	4.561153892743848	0.31785030326783925	-0.15072161163388387	0.00010516518063214443	4.582532607401077	0.33985926055055227	-0.11160040472880503	-0.015760878433076893
20	4.107774519995548e-05	4.498648107087383	0.5299099762472843	4.0760133369154e-05	4.580988353067951	0.30532563777092747	-0.14734266900461535	4.0760133369154e-05	4.580988353067951	0.30532563777092747	-0.14734266900461535	-0.026594383146402834
21	2.7095858647043123e-05	4.476212033256762	0.5125620451260937	2.6801054884748364e-05	4.599219562493633	0.2936676005999601	-0.1438805370144962	2.6801054884748364e-05	4.599219562493633	0.2936676005999601	-0.1438805370144962	-0.022670583765830088
22	1.7936411115549246e-05	4.49967899793249	0.49324278320624715	1.764677836667312e-05	4.616042633510298	0.28281551628589696	-0.1404461224136071	1.764677836667312e-05	4.616042633510298	0.28281551628589696	-0.1404461224136071	-0.01952657483479925
23	1.1912590871774522e-05	4.526209863226595	0.47342344481143595	1.1633656405677814e-05	4.631622497876416	0.272707886169556	-0.13711601191101863	1.1633656405677814e-05	4.631622497876416	0.272707886169556	-0.13711601191101863	-0.016947667619660933
24	7.917028108845645e-06	4.55335570883701	0.45667336440011824	7.678082441276296e-06	4.646099785888222	0.26328403161112135	-0.13393996130881192	1.0939686273036246e-05	4.638368872226441	0.2737728049092861	-0.14312809139732782	-0.01048324857116677
25	5.251158721114945e-06	4.5790386961834635	0.4455790616827267	5.0725992221672935e-06	4.659595272598596	0.2544853048055522	-0.1309471925206651	6.508597084663826e-06	4.631611146659614	0.3105506435451752	-0.0853410786944165	-0.05981986972632053
26	3.4707375747651365e-06	4.603231807275872	0.44062324731381414	3.354369751654473e-06	4.672213300568741	0.24625593340159568	-0.1281515618616993	4.463804822575254e-06	4.646669846421963	0.2793280932915754	-0.15183119420068464	-0.014691775626958146
27	3.068369057789787e-06	4.6840425396242855	0.23855051692368653	2.220036824267615e-06	4.684044461020637	0.23854356606955562	-0.12555571647970964	3.1622908418116442e-06	4.683344911881646	0.2399939394283749	-0.12701968721153536	-0.007878698886119521
28	1.9752708112621686e-06	4.695167020055943	0.23130325074708474	1.470444600196802e-06	4.6951677289429	0.23129958308587817	-0.12315438289849112	1.470444600196802e-06	4.6951677289429	0.23129958308587817	-0.12315438289849112	-0.007690650087624817
29	1.2691072658280501e-06	4.705652008751334	0.2244810300137725	9.746535357140878e-07	4.705652189815252	0.22447922559777567	-0.12093692313354154	9.746535357140878e-07	4.705652189815252	0.22447922559777567	-0.12093692313354154	-0.006009306785017543
30	8.136068517471384e-07	4.71555845815231	0.2180424207065045	6.464601947561738e-07	4.715558455069776	0.2180415913513123	-0.1188892952951619	6.464601947561738e-07	4.715558455069776	0.2180415913513123	-0.1188892952951619	-0.004295058099614835
31	5.205899149160881e-07	4.724939878779717	0.21194989002734183	4.2904475455267483e-07	4.724939836401227	0.21194953453974108	-0.11699552695981197	4.2904475455267483e-07	4.724939836401227	0.21194953453974108	-0.11699552695981197	-0.0025362591691191483
32	3.324061833048303e-07	4.73384336549381	0.20616963847323927	2.8491427515703993e-07	4.733843331320468	0.2061694984034652	-0.11523881165953753	2.8491427515703993e-07	4.733843331320468	0.2061694984034652	-0.11523881165953753	-0.0007291269644156273
33	2.116487989555027e-07	4.742310474027886	0.20067135276405038	1.893041014944876e-07	4.7423104559979254	0.20067130419803902	-0.11360228595717103	1.893041014944876e-07	4.7423104559979254	0.20067130419803902	-0.11360228595717103	0.0011243858025409281
34	1.2318396586806618e-07	4.855116538502397	0.4764041619137335	1.2584184067674372e-07	4.75037795464831	0.1954279201381226	-0.11206959748523104	1.2584184067674372e-07	4.75037795464831	0.1954279201381226	-0.11206959748523104	0.003018350295860728
35	8.44634021952312e-08	4.758078409261307	0.19041521187339328	8.369427758382771e-08	4.758078408823802	0.19041521108160708	-0.11062526504159109	8.369427758382771e-08	4.758078408823802	0.19041521108160708	-0.11062526504159109	0.004944185222029773
36	5.5687768347888926e-08	4.765440760748843	0.1856116927988829	5.5687768347888926e-08	4.765440760748843	0.1856116927988829	-0.10925491829812017	5.5687768347888926e-08	4.765440760748843	0.1856116927988829	-0.10925491829812017	0.006891692601129762
37	3.7068582819855404e-08	4.772490766798532	0.18099829058530048	3.7068582819855404e-08	4.772490766798532	0.18099829058530048	-0.10794543468716711	3.7068582819855404e-08	4.772490766798532	0.18099829058530048	-0.10794543468716711	0.008849870565427409
38	2.4684481474747024e-08	4.779251390910677	0.1765581021093645	2.4684481474747024e-08	4.779251390910677	0.1765581021093645	-0.10668499686872224	2.4684481474747024e-08	4.779251390910677	0.1765581021093645	-0.10668499686872224	0.010807528856275894
39	1.644388705374132e-08	4.785743143122924	0.1722761833876021	1.644388705374132e-08	4.785743143122924	0.1722761833876021	-0.10546310007777038	1.644388705374132e-08	4.785743143122924	0.1722761833876021	-0.10546310007777038	0.012753684492054163
40	1.0958188506414875e-08	4.791984377613812	0.16813933932188618	1.0958188506414875e-08	4.791984377613812	0.16813933932188618	-0.10427049405001299	1.0958188506414875e-08	4.791984377613812	0.16813933932188618	-0.10427049405001299	0.014677852927434287
41	7.304977644794881e-09	4.797991575858791	0.16413593081153977	7.304977644794881e-09	4.797991575858791	0.16413593081153977	-0.10309917806841895	7.304977644794881e-09	4.797991575858791	0.16413593081153977	-0.10309917806841895	0.016570265276641294
42	4.871217250278181e-09	4.80377952296842	0.1602557150076187	4.871217250278181e-09	4.80377952296842	0.1602557150076187	-0.10194229500001484	4.871217250278181e-09	4.80377952296842	0.1602557150076187	-0.10194229500001484	0.018422383977849677
43	3.2492848668501787e-09	4.8093615378734675	0.15648967703928562	3.2492848668501787e-09	4.8093615378734675	0.15648967703928562	-0.10079397040109939	3.2492848668501787e-09	4.8093615378734675	0.15648967703928562	-0.10079397040109939	0.020225808132181555
44	2.168020773763355e-09	4.814749673086828	0.15282984716181502	2.168020773763355e-09	4.814749673086828	0.15282984716181502	-0.09964916982326599	2.168020773763355e-09	4.814749673086828	0.15282984716181502	-0.09964916982326599	0.021973073622575612
45	1.4469668958919583e-09	4.819954809589827	0.14926927526782308	1.4469668958919583e-09	4.819954809589827	0.14926927526782308	-0.09850423397560348	1.4469668958919583e-09	4.819954809589827	0.14926927526782308	-0.09850423397560348	0.02365968848380362
46	9.659792279395476e-10	4.824986812050817	0.1458018177395033	9.659792279395476e-10	4.824986812050817	0.1458018177395033	-0.09735536883857776	9.659792279395476e-10	4.824986812050817	0.1458018177395033	-0.09735536883857776	0.02527751623711083
47	6.450389391961096e-10	4.829854729334921	0.14242208611108964	6.450389391961096e-10	4.829854729334921	0.14242208611108964	-0.0962009662315495	6.450389391961096e-10	4.829854729334921	0.14242208611108964	-0.0962009662315495	0.02682765875761106
48	4.3083231265394954e-10	4.834566679002136	0.13912533037281705	4.3083231265394954e-10	4.834566679002136	0.13912533037281705	-0.09503869635014439	4.3083231265394954e-10	4.834566679002136	0.13912533037281705	-0.09503869635014439	0.02830518915789071
49	2.8782621284717645e-10	4.839130294408831	0.13590723151872552	2.8782621284717645e-10	4.839130294408831	0.13590723151872552	-0.09386649833976435	2.8782621284717645e-10	4.839130294408831	0.13590723151872552	-0.09386649833976435	0.029702082175390387
