nu	A2	M12	M22	A3	M13	M23	M33	A4	M14	M24	M34	M44
0	0.02266234221650942	0.0013368299754628055	0.010323510123616169	0.02266234221650942	0.0013368299754628055	0.010323510123616169	0.0800513080242568	0.02266234221650942	0.0013368299754628055	0.010323510123616169	0.0800513080242568	0.62287147714968
1	0.038498785225079324	1.8744185418765749	0.11318738474030487	0.038498785225079324	1.8744185418765749	0.11318738474030487	-0.06483138120798237	0.038498785225079324	1.8744185418765749	0.11318738474030487	-0.06483138120798237	0.1408550811685103
2	0.04905410889132068	3.011432070232774	0.4480641897071358	0.04905410889132068	3.011432070232774	0.4480641897071358	-0.04069520765514767	0.04905410889132068	3.011432070232774	0.4480641897071358	-0.04069520765514767	-0.037397467673145
3	0.055559349570596765	3.7822388106020433	0.8376463591294295	0.05555938764948451	3.7826091195234905	0.7016429818608234	0.04694675010172489	0.057423594822116786	3.7356247797188065	0.8900215602588478	0.07242852334012401	-0.1126783606774302
4	0.05899473684910257	4.344137651428991	0.9293672272239332	0.058994737581851045	4.344134786274198	0.8637240631070675	0.09181437165460693	0.06052286957011375	4.272893017904262	0.9743020379030841	0.09521609264897735	-0.09369389524421015
5	0.06013696781864166	4.773038954972683	0.9796110740079731	0.060136974294834805	4.77303901982268	0.959637652586121	0.0938973115438273	0.060136974294834805	4.77303901982268	0.959637652586121	0.0938973115438273	-0.15088995841415453
6	0.059598607305597684	5.112030014501818	1.0058617993531906	0.059598609508491565	5.112030018836072	1.0117618886321438	0.0693828305355737	0.059598609508491565	5.112030018836072	1.0117618886321438	0.0693828305355737	-0.20079809792150627
7	0.057861146614361154	5.386941607295909	1.017610273675979	0.05785971402446964	5.386941629046888	1.0356384756441699	0.031298698920807055	0.05785971402446964	5.386941629046888	1.0356384756441699	0.031298698920807055	-0.249118880482456
8	0.05529390619300953	5.614448797171925	1.0205076814372125	0.055293911078445696	5.614448793751005	1.0414360010715669	-0.012137182221749754	0.055293911078445696	5.614448793751005	1.0414360010715669	-0.012137182221749754	-0.28797591310558346
9	0.052190320804947	5.80585595903045	1.017640629874578	0.05218954518527393	5.805855959142628	1.0357082505534834	-0.056187231309934305	0.05568123541063571	5.853393076515352	1.139345721711684	-0.07315023837314802	-0.24238522552541372
10	0.04876692171204411	5.9691232842942075	1.0112624995227135	0.048766889947005475	5.969123280382498	1.0226821887241684	-0.09828587590277493	0.052371678256250706	6.059030330991074	1.1441648775224724	-0.14678851860727693	-0.29556884263657046
11	0.04519210261449542	6.110027896538968	1.0025480394824935	0.045192107658278295	6.110027898259259	1.0051027639248744	-0.13715556019894848	0.04863429728397052	6.245312119825275	1.1388212388421841	-0.2322175813264808	-0.3472335436792212
12	0.04158854366028275	6.232867541347801	0.992354913226028	0.04158854869255755	6.232867532748394	0.9847682550513142	-0.17226421734034147	0.0445821388314289	6.414811774093034	1.1221871358625	-0.32319658587326455	-0.3898162572283623
13	0.0380458704438602	6.340906342201596	0.9812575480926795	0.0380458752369152	6.340906301671183	0.962866817717746	-0.20350223910543264	0.04035275791925008	6.5686869508545245	1.0941488983754928	-0.41033341223923714	-0.4160922050459478
14	0.03462742048818586	6.436667752722389	0.9696333421432871	0.03462740833823436	6.436667699292816	0.9401888181671438	-0.23099178859808944	0.03611135985689068	6.70695040782969	1.056255365375162	-0.4837006765278216	-0.4221933018641578
15	0.031376022262261445	6.52213297934635	0.9577375019099276	0.031376026411072684	6.522133030686723	0.9172620388469426	-0.2549745534320209	0.032029986632906	6.82937859973987	1.011768766593135	-0.5366821306379848	-0.4097213086225283
16	0.02831888081369018	6.598878548544672	0.9457471447685312	0.028318884823350533	6.598879268050495	0.8944388052210286	-0.2757459877012707	0.028247578196144388	6.9358300623571685	0.9647552243747406	-0.5685513658116662	-0.38486010049816116
17	0.02547117367418536	6.668174654829911	0.9337833662922381	0.02547117782852531	6.668176927322719	0.8719528701632271	-0.2936172541207043	0.02484097133595121	7.027550683706373	0.9187275235395174	-0.5830580155196853	-0.35457665614399964
18	0.022839119472714494	6.731054955834999	0.9219305975331807	0.02283912421155522	6.731060885885968	0.8499570518577215	-0.30889375925949025	0.021822704810791804	7.106021765136053	0.8757565910229581	-0.5858106573390923	-0.3240766163556508
19	0.02042231947958929	6.788367988326551	0.9102467586611405	0.020422325113472854	6.788382482941548	0.8285484636992209	-0.3218636508752297	0.019170183998212496	7.1732931442347265	0.8367748470542853	-0.5813981549167793	-0.29599377917452135
20	0.018215608060990398	6.840822939932815	0.8987704222858504	0.0182156153928425	6.840848423159689	0.8077856373183607	-0.3327922781163579	0.0182156153928425	6.840848423159689	0.8077856373183607	-0.3327922781163579	-0.16127422906174615
21	0.01621049820251693	6.889012961372676	0.8875278997164529	0.016210507572391356	6.8890502171980055	0.7877002780562563	-0.34192018229680343	0.016210507572391356	6.8890502171980055	0.7877002780562563	-0.34192018229680343	-0.13879286279552616
22	0.014396297531709946	6.93344396707037	0.8765357148580061	0.014396309075850012	6.933486732818984	0.7683054204036708	-0.34946313090426884	0.014396309075850012	6.933486732818984	0.7683054204036708	-0.34946313090426884	-0.1172121418549068
23	0.012760963942892025	6.974552361138328	0.8658045667073639	0.012760978394819803	6.974581661261162	0.7496011388843371	-0.35561328407027304	0.012760978394819803	6.974581661261162	0.7496011388843371	-0.35561328407027304	-0.09664135684943176
24	0.011291760227154803	7.012721643691105	0.8553367264098858	0.011291773467066807	7.0126971837857806	0.7315785795110301	-0.36054093776851914	0.011291773467066807	7.0126971837857806	0.7315785795110301	-0.36054093776851914	-0.0771415255330794
25	0.009975735422482831	7.04814476605932	0.7142228247992577	0.009975735422482831	7.04814476605932	0.7142228247992577	-0.36439650816180347	0.009975735422482831	7.04814476605932	0.7142228247992577	-0.36439650816180347	-0.05873823985712079
26	0.00880004256874615	7.0811937586455	0.697514940393738	0.00880004256874615	7.0811937586455	0.697514940393738	-0.36731255854408573	0.00880004256874615	7.0811937586455	0.697514940393738	-0.36731255854408573	-0.041431473444390576
27	0.007752262720648975	7.112078305340424	0.6814334421551891	0.007752262720648975	7.112078305340424	0.6814334421551891	-0.36940575561641253	0.007752262720648975	7.112078305340424	0.6814334421551891	-0.36940575561641253	-0.025203013719874434
28	0.006820526456404133	7.141002934500283	0.6659553493861594	0.006820526456404133	7.141002934500283	0.6659553493861594	-0.37077869475672287	0.006820526456404133	7.141002934500283	0.6659553493861594	-0.37077869475672287	-0.010022056805610191
29	0.0059936393888131104	7.168147116669017	0.651056940290033	0.0059936393888131104	7.168147116669017	0.651056940290033	-0.3715215664003608	0.0059936393888131104	7.168147116669017	0.651056940290033	-0.3715215664003608	0.004150607615883928
30	0.005261147885413844	7.1936690044469325	0.636714291791975	0.005261147885413844	7.1936690044469325	0.636714291791975	-0.3717136552534157	0.005261147885413844	7.1936690044469325	0.636714291791975	-0.3717136552534157	0.017359487341309432
31	0.004613369708101058	7.21770852062449	0.6229036623394677	0.004613369708101058	7.21770852062449	0.6229036623394677	-0.37142467549483626	0.004613369708101058	7.21770852062449	0.6229036623394677	-0.37142467549483626	0.029652096181962406
32	0.0040413986442441995	7.240389923267294	0.6096017598674024	0.0040413986442441995	7.240389923267294	0.6096017598674024	-0.37071595148802317	0.0040413986442441995	7.240389923267294	0.6096017598674024	-0.37071595148802317	0.0410772811374045
33	0.0035370920932471348	7.270062081567639	0.7725005824498486	0.003537090265025722	7.261823948261126	0.5967859255146521	-0.3696414566246631	0.003537090265025722	7.261823948261126	0.5967859255146521	-0.3696414566246631	0.05168401599803474
34	0.0030930411562504687	7.282163050920308	0.7644480398492396	0.0030930343877947704	7.282109608384825	0.5844342554263733	-0.36824872416059407	0.0030930343877947704	7.282109608384825	0.5844342554263733	-0.36824872416059407	0.0615205456779222
35	0.0027025421543135407	7.31491102069189	0.7565674294266703	0.0027025185679407744	7.3013357115358115	0.5725256770478993	-0.36657964389848985	0.0027025185679407744	7.3013357115358115	0.5725256770478993	-0.36657964389848985	0.07063379303508555
36	0.002359512517015501	7.319680457437504	0.7489167177807571	0.0023594859448463966	7.31958214802974	0.5610399920296487	-0.36467115794471283	0.0023594859448463966	7.31958214802974	0.5610399920296487	-0.36467115794471283	0.0790689614477742
37	0.0020585369759245076	7.35684267219341	0.7413909674624649	0.002058489968863238	7.336920987012947	0.5499578947349661	-0.3625558677713343	0.002058489968863238	7.336920987012947	0.5499578947349661	-0.3625558677713343	0.08686928262977744
38	0.0017947074952498088	7.377922398530178	0.7340661060082305	0.001794647903434902	7.353417414287099	0.5392609730500268	-0.36026256367983933	0.001794647903434902	7.353417414287099	0.5392609730500268	-0.36026256367983933	0.0940758713913965
39	0.0015636631351936205	7.396699699002727	0.7269108868396857	0.0015635944969284036	7.369130537746064	0.5289316964984749	-0.3578166865680714	0.0015635944969284036	7.369130537746064	0.5289316964984749	-0.3578166865680714	0.10072765852964949
40	0.0013614699165565894	7.3842777727529905	0.7199907750012027	0.0013614368266503165	7.384114081790232	0.5189533954058518	-0.35524073078079255	0.0013614368266503165	7.384114081790232	0.5189533954058518	-0.35524073078079255	0.10686138028904679
41	0.0011847998077358277	7.434142922392833	0.7130713926619351	0.0011847110118785517	7.39841698822818	0.5093102339172049	-0.35255459575000714	0.0011847110118785517	7.39841698822818	0.5093102339172049	-0.35255459575000714	0.11251160786559922
42	0.0010304404550790082	7.451689663822809	0.7063792779158031	0.0010303412563974297	7.412083938085238	0.4999871789660446	-0.3497758931525823	0.0010303412563974297	7.412083938085238	0.4999871789660446	-0.3497758931525823	0.11771080486505525
43	0.0008957104025838309	7.468145963659554	0.6998315147676778	0.0008956015000426583	7.425155806248034	0.49096996676222915	-0.34692021545583884	0.0008956015000426583	7.425155806248034	0.49096996676222915	-0.34692021545583884	0.12248940362769645
44	0.0007781920077700787	7.48316350887139	0.6934290789608843	0.000778079821833815	7.437670058857997	0.48224506796240973	-0.34400137093632566	0.000778079821833815	7.437670058857997	0.48224506796240973	-0.34400137093632566	0.12687589356210083
45	0.0006757624569032093	7.496196312300018	0.6871631852681543	0.0006756456352319408	7.449661101724499	0.47379965238557276	-0.3410315895905569	0.0006756456352319408	7.449661101724499	0.47379965238557276	-0.3410315895905569	0.13089691648929147
46	0.0005865384886816055	7.506491870911724	0.6810283318647516	0.0005864196415096733	7.461160586688525	0.46562155390103044	-0.3380217037405373	0.0005864196415096733	7.461160586688525	0.46562155390103044	-0.3380217037405373	0.13457736532291165
47	0.0005088701384038559	7.513011127862188	0.675018815234393	0.0005087464541954747	7.47219768176452	0.45769923594496476	-0.3349813066521392	0.0005087464541954747	7.47219768176452	0.45769923594496476	-0.3349813066521392	0.13794048358977307
48	0.00044129635139534456	7.514397492910147	0.6691185946776567	0.00044116977126276106	7.482799309982048	0.4500217579845156	-0.331918892005433	0.00044116977126276106	7.482799309982048	0.4500217579845156	-0.331918892005433	0.14100796359343803
49	0.00038253407582427846	7.5089824001752445	0.6633207199839602	0.00038240994834097314	7.492990361095046	0.4425787431501931	-0.32884197669386594	0.00038240994834097314	7.492990361095046	0.4425787431501931	-0.32884197669386594	0.14380004212944186
50	0.00033146880503050717	7.4949720139905684	0.6576191797202922	0.000331343812669458	7.5027938797035345	0.4353603471777845	-0.3257572090788017	0.000331343812669458	7.5027938797035345	0.4353603471777845	-0.3257572090788017	0.14633559280264308
51	0.00028710953532829555	7.470985903641242	0.6520394855655501	0.00028698655136438756	7.512231232810105	0.42835722874660576	-0.32267046455046966	0.00028698655136438756	7.512231232810105	0.42835722874660576	-0.32267046455046966	0.14863221429550322
52	0.0002485898655245006	7.43704576253439	0.6466570465799736	0.00024847550690175577	7.521322259398522	0.42156052125353227	-0.31958692998421157	0.00024847550690175577	7.521322259398522	0.42156052125353227	-0.31958692998421157	0.15070631435810355
53	0.0002151517450262282	7.395778891235384	0.6415804691931951	0.00021505571602391165	7.530085404253097	0.41496180603492405	-0.31651117848934973	0.00021505571602391165	7.530085404253097	0.41496180603492405	-0.31651117848934973	0.15257318915973883
54	0.00018613692354703032	7.352988317119185	0.6368549576243688	0.00018606703437333037	7.538537837931754	0.40855308701908655	-0.3134472356363176	0.00018606703437333037	7.538537837931754	0.40855308701908655	-0.3134472356363176	0.15424709823491867
55	0.00016097631187508068	7.316268127839232	0.6323700209224643	0.0001609326971289483	7.5466955645402125	0.4023267667815773	-0.3103986382164976	0.0001609326971289483	7.5466955645402125	0.4023267667815773	-0.3103986382164976	0.15574133483096375
56	0.0001391742701129629	7.291735955213855	0.6279218467327204	0.0001391491750658146	7.554573518737558	0.3962756239558942	-0.3073684864277766	0.0001391491750658146	7.554573518737558	0.3962756239558942	-0.3073684864277766	0.15706829184637172
57	0.0001202953894188984	7.282419738993016	0.6233317049880506	0.00012027719524320489	7.562185653210546	0.3903927919531469	-0.30435949029060794	0.00012027719524320489	7.562185653210546	0.3903927919531469	-0.30435949029060794	0.15823952356731752
58	0.00010395150700928175	7.283371706832466	0.6186006699793846	0.00010393380555033863	7.569545017696789	0.3846717389289154	-0.30137401096476424	0.00010393380555033863	7.569545017696789	0.3846717389289154	-0.30137401096476424	0.15926580335508334
59	8.98090950442926e-05	7.293810570136366	0.6136727307844863	8.97853723089484e-05	7.576663830495342	0.3791062489409427	-0.29841409757068504	8.97853723089484e-05	7.576663830495342	0.3791062489409427	-0.29841409757068504	0.16015717733898782
60	7.76327685161308e-05	7.581950710272858	0.6058730455409972	7.754140983672507e-05	7.583553543289917	0.37369040423596545	-0.29548152004770145	7.754140983672507e-05	7.583553543289917	0.37369040423596545	-0.29548152004770145	0.16092301465323544
61	6.699250857052945e-05	7.3263220531643904	0.6034649942689113	6.694915016954162e-05	7.590224900002176	0.36841856860517197	-0.2925777984949036	6.694915016954162e-05	7.590224900002176	0.36841856860517197	-0.2925777984949036	0.1615720540867187
62	5.964635291750484e-05	7.3526918762750055	0.5902168898831995	5.7788769926742685e-05	7.596687990311512	0.363285371746052	-0.2897042294082439	5.7788769926742685e-05	7.596687990311512	0.363285371746052	-0.2897042294082439	0.16211244758596877
63	5.236046053004685e-05	7.368702561695953	0.5858418991337423	4.986919952529359e-05	7.602952298394766	0.35828569457304127	-0.2868619091293567	4.986919952529359e-05	7.602952298394766	0.35828569457304127	-0.2868619091293567	0.16255180058215046
64	4.3087051564516345e-05	7.3776727855280955	0.5878351518283206	4.3024447575828965e-05	7.60902674738129	0.3534146554251336	-0.284051754896268	4.3024447575828965e-05	7.60902674738129	0.3534146554251336	-0.284051754896268	0.16289720973873045
65	3.7177080273963786e-05	7.393092128475453	0.5826385563776664	3.711038031950205e-05	7.614919739953982	0.34866759710383377	-0.2812745236402634	3.711038031950205e-05	7.614919739953982	0.34866759710383377	-0.2812745236402634	0.1631552977123647
66	3.207122631699607e-05	7.407582726623287	0.5774616520304895	3.200190239694979e-05	7.620639195483189	0.34404007470783426	-0.27853082894012005	3.200190239694979e-05	7.620639195483189	0.34404007470783426	-0.27853082894012005	0.16333224594927742
67	2.7661485093259566e-05	7.421239774391549	0.5722956699437458	2.7590491099519336e-05	7.6261925840335625	0.3395278441919629	-0.2758211561180133	2.7590491099519336e-05	7.6261925840335625	0.3395278441919629	-0.2758211561180133	0.16343382446211763
68	2.3854353493546947e-05	7.434167088180732	0.5671642977836846	2.3782041564737705e-05	7.631586957547551	0.3351268516356001	-0.27314587593741635	2.3782041564737705e-05	7.631586957547551	0.3351268516356001	-0.27314587593741635	0.16346542035171296
69	2.0566074935707432e-05	7.446490156460682	0.5620335649401366	2.049498517488249e-05	7.6368289784755214	0.3308332231362101	-0.2705052568078372	2.049498517488249e-05	7.6368289784755214	0.3308332231362101	-0.2705052568078372	0.16343206362216733
70	1.772897279288063e-05	7.458263915463652	0.5569417786515662	1.7658647734073432e-05	7.6419249460928524	0.3266432553256138	-0.2678994758038016	1.7658647734073432e-05	7.6419249460928524	0.3266432553256138	-0.2678994758038016	0.16333845142798964
71	1.528034802357832e-05	7.469586018708357	0.5518682356166517	1.5211817871813788e-05	7.646880820720163	0.32255340643831687	-0.265328628570046	1.5211817871813788e-05	7.646880820720163	0.32255340643831687	-0.265328628570046	0.16318897075325367
72	1.3168148019625275e-05	7.480496476698489	0.5468343933439404	1.3101499584335693e-05	7.651702246036045	0.318560287935604	-0.2627927382870894	1.3101499584335693e-05	7.651702246036045	0.318560287935604	-0.2627927382870894	0.16298771931178635
73	1.1346210923289874e-05	7.491037360261957	0.5418463320323313	1.1281825916072725e-05	7.656394569660959	0.31466065658247544	-0.26029176363840634	1.1281825916072725e-05	7.656394569660959	0.31466065658247544	-0.26029176363840634	0.16273852502490627
74	9.774230734778894e-06	7.501231687669039	0.5369192106859259	9.713113534816951e-06	7.660962862162045	0.3108514070314712	-0.2578256060462536	9.713113534816951e-06	7.660962862162045	0.3108514070314712	-0.2578256060462536	0.16244496375293238
75	8.419008918708505e-06	7.511098703107583	0.532068528754927	8.361040398071097e-06	7.6654119346134415	0.3071295648344048	-0.25539411634497355	8.361040398071097e-06	7.6654119346134415	0.3071295648344048	-0.25539411634497355	0.16211037728498923
76	7.250432084432114e-06	7.520660489168552	0.5272907784769547	7.195930875362374e-06	7.669746354855676	0.3034922798278856	-0.2529971004641993	7.195930875362374e-06	7.669746354855676	0.3034922798278856	-0.2529971004641993	0.16173788758169394
77	6.243057337201184e-06	7.529908376102615	0.5226277884275276	6.192134609179679e-06	7.673970462544897	0.29993681992320376	-0.2506343248119265	6.192134609179679e-06	7.673970462544897	0.29993681992320376	-0.2506343248119265	0.1613304122511181
78	5.374700213378867e-06	7.538854011461864	0.5180815315203874	5.327487092191942e-06	7.678088383104204	0.296460565277755	-0.2483055211273495	5.327487092191942e-06	7.678088383104204	0.296460565277755	-0.2483055211273495	0.16089067809662083
79	4.816140296273993e-06	7.555952741415378	0.4998203941359664	4.582841433633495e-06	7.682104040675382	0.29306100274375524	-0.24601039065237273	4.582841433633495e-06	7.682104040675382	0.29306100274375524	-0.24601039065237273	0.1604212331585586
