0  1.08247026660380424398916  -6.18733908105762634718457e-21  1.00557038376303851544193  1.35051698180565688583082e-20  1.02942538039254808171757  1.40725404716502278537475e-20  1.02883360116582830404066  7.55104956888088181815764e-21  1.00653072485431788836343  1.57102702219645094970616e-20  
0.125663706143591729535091  1.08155067301380438760192  0.0116230854083515302026166  1.00552535571764374165617  0.000703904643000049650173808  1.02916149799876395791367  0.0038495008732645118800517  1.02857567882834650963009  0.00376887470852535389918749  1.0064777087337619391116  0.00082642309355065059607668  
0.251327412287183459070183  1.0788321203619257189878  0.022904743120592069443339  1.00539105319166636824928  0.00139615272823914181895937  1.02837635260036367888716  0.00762144834392096610139328  1.02780821769302579482899  0.0074621711697323971101449  1.00631959537857875472498  0.00163904678585021308298824  
0.376991118430775188632379  1.07443110929949457743073  0.0335266451315961042860085  1.0051698038883646121747  0.00206530802480878951008468  1.0270891437010472309983  0.0112408374538941983195039  1.02654984263854351475998  0.0110067676256354670815026  1.00605916834563582158875  0.00242434001743158168457222  
0.502654824574366918140365  1.0685286930694925575493  0.0432132884893991568427216  1.0048654308396391985703  0.00270036895493535290748051  1.0253308790453883821191  0.0146375901837775794370536  1.02483064578787826603111  0.01433429368478649553343  1.00570099619030495934936  0.0031693006139923731963922  
0.628318530717958647702562  1.06135345185096383816958  0.0517458169151156495250976  1.00448316981892755690806  0.00329097120764094687407272  1.02314298148529377908977  0.0177486141369547149979242  1.02269085134544086043273  0.0173831208372988573970536  1.00525132927664533088498  0.0038617006381624715714504  
0.753982236861550377264758  1.0531621215320395218212  0.0589687823364694275389379  1.00402955782995904399947  0.0038275734824399239145977  1.02057551245365406983323  0.0205194281144723782292147  1.02017911085432235406521  0.0200999402246207203035291  1.00471796085321055851201  0.00449030993328086705713466  
0.879645943005142106772744  1.04422077575754265190647  0.0647901208331056033382003  1.00351229647825639329332  0.00430162198440151873459272  1.01768515594412651116638  0.02290528798630359695967  1.01735056535914017439032  0.0224408632784787823459451  1.00411005749606570931157  0.00504509232807860209021195  
1.00530964914873383628073  1.03478877768220220553699  0.0691756997630992408057984  1.00294009471709395634777  0.00470569023693938594753682  1.01453311220428820814323  0.0248717956114155594124233  1.01426481641621772048639  0.0243720274809191938104967  1.00343796489785617477575  0.0055173702792511921950535  
1.13097335529232556584293  1.02510674443331987386405  0.072140328544462308825707  1.00232249589264970214379  0.00503359182302950548923599  1.01118303890956898508872  0.0263950185185172873383007  1.01098393754847787080059  0.0258697321906974714506629  1.00271299550114275853097  0.00589995516115219021942122  
1.25663706143591729540512  1.0153888270249734836724  0.0737371398842386178659226  1.00166969418661788509498  0.00528046473929343136342017  1.00769915345357718202812  0.0274611833832987363229142  1.00757063532192623895971  0.0269201632689325727357341  1.00194720462953569116871  0.00618724186681875342103988  
1.3823007675795090248589  1.00581890916445840038727  0.0740469075824850063807271  1.00099234548053464923575  0.00544282708407596070121319  1.0041445784832418355436  0.0280660292352821735058395  1.00408663965860581667681  0.0275187874231437352046548  1.00115316158415290062524  0.00637526776771911256585373  
1.50796447372310075452952  0.996549936820500428965013  0.073168372534566824720104  1.00030137737325779340516  0.00551860474272879606111135  1.0005799792642642728974  0.0282139164641795723187812  1.00059137129770231498891  0.0276695073656285471378532  1.00034372169225958609188  0.00646173731130946464714868  
1.63362817986669248398329  0.987705469046552565640183  0.0712101605196407740625605  0.999607802612770004427756  0.00550713253600890805341574  0.997062510296541067026169  0.0279167866783391084562187  0.997140904647350082945327  0.0273836684702454005409852  0.999531804583309485307159  0.00644601455631028691806855  
1.75929188601028421354549  0.979382603575254936532826  0.0682844850381275400423055  0.99892253960475593641986  0.00540913093101146684438772  0.993645062783661483119414  0.0271930590689412511205738  0.993787219491220016583458  0.0266789991533481508901009  0.998730183097978404561934  0.00632908671906100289564559  
1.88495559215387594310769  0.971655589200614789571666  0.0645025651266587029630892  0.998256242984973293915982  0.00522666086401415099405195  0.990375785543142102490891  0.0260665343113740013264966  0.990577716564755335478757  0.0255785536406863687791842  0.99795128628288756744702  0.00611350231668720352131569  
2.01061929829746767256146  0.964579622760287616091424  0.0599715412117443741053628  0.99761914654030170196853  0.00496305949103396066928416  0.987297839873468671082618  0.0245653601207463952562152  0.987554960110546983039111  0.0241097098745400328131516  0.997207018957577196838042  0.00580328775088571752736356  
2.13628300444105940223208  0.958194500063313700424089  0.0547926133678674608530178  0.997020920079226275335553  0.00462285977703405656039776  0.984449343005970157300614  0.0227210957027456138344196  0.984756604500907576770375  0.0223032592880706376041716  0.996508599421354368888288  0.00540384620326097355478071  
2.26194671058465113168585  0.952527928249442761823775  0.049060124932783084645161  0.996470541223359698702021  0.00421169678018565302310069  0.98186345379837544340533  0.0205678970925539155920319  0.982215460724521329167504  0.0201926105667213669073775  0.995866416043737285560163  0.00492184254460420394041743  
2.38761041672824286135647  0.947598407624126507799427  0.0428613445413682723735341  0.99597618254530242200848  0.00373620331128406289093822  0.979568556853839751187053  0.0181418326300934368061537  0.979959660653188145750057  0.0178131172027978996509363  0.995289902787298232773004  0.00436507763868485869286802  
2.51327412287183459081025  0.94341765783606284476474  0.0362767429953032772871639  0.995545114033144554676821  0.00320389738152951608065808  0.977588505947328584961501  0.0154803278760933796031696  0.978012881282566255757103  0.0152015289512676185225111  0.99478743316604947686697  0.00374235499116078357045769  
2.63893782901542632048086  0.939992603350732014693813  0.0293806066442217908644659  0.995183620527746713691711  0.00262306352630133472964361  0.975942893414562539198837  0.0126217320163004433308763  0.976394596531269332918314  0.0123955601380710262577299  0.994366231754051712286857  0.00306334220041869437559101  
2.7646015351590180497178  0.937326953818145790740812  0.0222418700261559939057913  0.994896933557217714213638  0.0020026297388063384600403  0.974647318195329850356538  0.00960499286911746881820846  0.975120329900869148200947  0.00943356283849450748100638  0.994032302125231630987503  0.00233842915038019733128469  
2.89026524130260977938842  0.935422422378608578344243  0.0149250847964614926323607  0.994689176878787181790807  0.00135204139326711510773983  0.973713630989233310897377  0.00646942452973003179856823  0.974201886821343458332679  0.00635428979660816758523283  0.993790370015971181896601  0.00157858438128218575146212  
3.01592894744620150905903  0.934279623967770011193877  0.0074914689025253927434102  0.994563325021466888354368  0.000681133206590841515929357  0.973150140184026131385999  0.00325454995819527012095224  0.973647550536289425925432  0.00319673013682544576578078  0.993643840540521336923089  0.000795210612964616734833724  
3.14159265358979323829597  0.933898689632936228549945  8.95714139716825944976437e-21  0.994521174189634901740067  5.01435936059309559168342e-21  0.972961766749337542787776  6.43905005204179444581876e-21  0.973462229805262640764275  4.4033945564550910938337e-21  0.993594768435445978196473  6.21366051288714228517698e-21  
3.26725635973338496796659  0.934279623967770011193877  -0.00749146890252539275696273  0.994563325021466888191737  -0.000681133206590841512541225  0.973150140184026131223369  -0.00325454995819527013450477  0.973647550536289425600171  -0.00319673013682544578272144  0.99364384054052133741098  -0.000795210612964616748386251  
3.3929200658769766976372  0.935422422378608577693722  -0.014925084796461492639137  0.994689176878787181411336  -0.00135204139326711511451609  0.973713630989233310843167  -0.00646942452973003181212076  0.974201886821343458224259  -0.00635428979660816761233788  0.993790370015971182492912  -0.00157858438128218574468585  
3.51858377202056842709098  0.937326953818145790849233  -0.0222418700261559938854625  0.994896933557217713779957  -0.00200262973880633848714535  0.974647318195329850898639  -0.00960499286911746879110341  0.975120329900869148200947  -0.00943356283849450745390133  0.994032302125231630553822  -0.00233842915038019734483721  
3.64424747816416015676159  0.939992603350732015073284  -0.0293806066442217908644659  0.995183620527746713962762  -0.00262306352630133470253855  0.975942893414562539361468  -0.0126217320163004433444288  0.976394596531269333026734  -0.0123955601380710262577299  0.994366231754051712341067  -0.00306334220041869438914354  
3.76991118430775188621537  0.9434176578360628445479  -0.0362767429953032772600588  0.995545114033144554568401  -0.00320389738152951605355302  0.977588505947328584853081  -0.0154803278760933795896171  0.978012881282566255323422  -0.0152015289512676185496162  0.99478743316604947670434  -0.00374235499116078351624758  
3.89557489045134361566915  0.947598407624126507582587  -0.0428613445413682723870866  0.99597618254530242227953  -0.00373620331128406287738569  0.979568556853839751349684  -0.0181418326300934368061537  0.979959660653188145695847  -0.0178131172027978996509363  0.995289902787298233206685  -0.00436507763868485870642055  
4.02123859659493534512292  0.952527928249442761986406  -0.0490601249327830846316085  0.996470541223359698539391  -0.00421169678018565299599564  0.98186345379837544340533  -0.020567897092553915646242  0.982215460724521328842243  -0.0201926105667213669344826  0.995866416043737285560163  -0.00492184254460420396752249  
4.14690230273852707479354  0.958194500063313700098828  -0.0547926133678674608530178  0.997020920079226275552393  -0.0046228597770340565332927  0.984449343005970157409034  -0.0227210957027456138073145  0.984756604500907576933005  -0.0223032592880706376041716  0.996508599421354368888288  -0.00540384620326097352767565  
4.27256600888211880446416  0.964579622760287616308264  -0.0599715412117443741053628  0.997619146540301702402211  -0.00496305949103396075059932  0.987297839873468671136828  -0.0245653601207463953104253  0.987554960110546983527002  -0.0241097098745400328944667  0.997207018957577196404361  -0.00580328775088571763578378  
4.39822971502571053413477  0.971655589200614789788506  -0.0645025651266587029088791  0.998256242984973294241242  -0.00522666086401415096694689  0.990375785543142102599311  -0.0260665343113740013536016  0.990577716564755335641387  -0.0255785536406863688604994  0.997951286282887567880701  -0.00611350231668720349421063  
4.52389342116930226337171  0.979382603575254936261775  -0.0682844850381275400423055  0.998922539604755936799331  -0.00540913093101146681728267  0.993645062783661483119414  -0.0271930590689412511476789  0.993787219491220015987146  -0.0266789991533481508087858  0.998730183097978404561934  -0.00632908671906100289564559  
4.64955712731289399304233  0.987705469046552565802813  -0.0712101605196407740354554  0.999607802612770004427756  -0.00550713253600890810762584  0.997062510296541066809328  -0.0279167866783391083749036  0.997140904647350082945327  -0.0273836684702454005409852  0.99953180458330948568663  -0.00644601455631028694517361  
4.77522083345648572271294  0.996549936820500428531332  -0.0731683725345668246929989  1.0003013773732577930799  -0.0055186047427287960882164  1.00057997926426427257214  -0.0282139164641795723458863  1.00059137129770231466365  -0.0276695073656285471378532  1.00034372169225958587504  -0.00646173731130946470135878  
4.90088453960007745238356  1.00581890916445840071253  -0.0740469075824850063536221  1.00099234548053464956101  -0.00544282708407596061989803  1.00414457848324183543518  -0.0280660292352821734516294  1.00408663965860581667681  -0.0275187874231437352588649  1.00115316158415290084208  -0.00637526776771911253874868  
5.02654824574366918162049  1.01538882702497348378082  -0.0737371398842386178659226  1.00166969418661788531182  -0.00528046473929343128210501  1.0076991534535771819197  -0.0274611833832987363771243  1.00757063532192623863445  -0.026920163268932572681524  1.00194720462953569127713  -0.00618724186681875339393483  
5.15221195188726091129111  1.02510674443331987386405  -0.0721403285444623089070221  1.00232249589264970236063  -0.00503359182302950557055116  1.01118303890956898487188  -0.0263950185185172875280361  1.01098393754847787004165  -0.0258697321906974716675034  1.00271299550114275874781  -0.00589995516115219038205154  
5.27787565803085264096173  1.03478877768220220564541  -0.0691756997630992408057984  1.00294009471709395656461  -0.0047056902369393858391166  1.01453311220428820836007  -0.0248717956114155596021587  1.01426481641621772026955  -0.0243720274809191938647068  1.00343796489785617499259  -0.00551737027925119222215855  
5.40353936417444437063234  1.04422077575754265147279  -0.0647901208331056033110952  1.00351229647825639394385  -0.00430162198440151868038261  1.01768515594412651084112  -0.0229052879863035969054599  1.01735056535914017493243  -0.0224408632784787822375249  1.0041100574960657099621  -0.00504509232807860217152711  
5.5292030703180360994356  1.05316212153203952192962  -0.0589687823364694274034126  1.00402955782995904443315  -0.00382757348243992383328253  1.02057551245365407015849  -0.0205194281144723781478995  1.02017911085432235417363  -0.020099940224620720222214  1.00471796085321055818675  -0.0044903099332808669758195  
5.65486677646162782910622  1.06135345185096383816958  -0.0517458169151156496064128  1.00448316981892755723332  -0.00329097120764094676565251  1.02314298148529377974029  -0.0177486141369547150250293  1.02269085134544086086641  -0.0173831208372988573699486  1.00525132927664533121024  -0.00386170063816247159855545  
5.78053048260521955877683  1.06852869306949255689878  -0.0432132884893991568969317  1.00486543083963919878714  -0.00270036895493535296169062  1.02533087904538838190226  -0.0146375901837775794641586  1.02483064578787826581427  -0.01433429368478649553343  1.00570099619030495945778  -0.00316930061399237333191747  
5.90619418874881128844745  1.07443110929949457775599  -0.033526645131596104272456  1.00516980388836461260838  -0.00206530802480878942876952  1.02708914370104723164882  -0.0112408374538941983195039  1.02654984263854351497682  -0.0110067676256354670272924  1.00605916834563582191401  -0.00242434001743158160325706  
6.03185789489240301811807  1.0788321203619257195299  -0.022904743120592069443339  1.00539105319166636846612  -0.00139615272823914185961695  1.02837635260036367942926  -0.00762144834392096625047108  1.02780821769302579515425  -0.00746217116973239715080248  1.00631959537857875472498  -0.00163904678585021313719835  
6.15752160103599474778868  1.08155067301380438673456  -0.0116230854083515301755115  1.00552535571764374198143  -0.00070390464300004961629249  1.02916149799876395791367  -0.00384950087326451185294664  1.02857567882834651006377  -0.00376887470852535387208244  1.0064777087337619385695  -0.000826423093550650575747889  
