0  1.04313162722936498454443  3.15412862142439576524975e-20  1.00557038376310045265944  2.79842675540626897886726e-20  1.00991463069690582895783  2.61866119168090587157319e-20  1.02942538039192202077403  1.7359958855319539057806e-21  1.0065307248542879886696  5.27715646311574663562604e-21  
0.125663706143591729535091  1.04272175838626924692515  0.00575416049162569422743482  1.00552535571770369272372  0.000703904643015576590801136  1.00983293221427638088408  0.0012608720497008417757304  1.02916149799815980316661  0.00384950087310214391755209  1.00647770873373300121352  0.000826423093543144569568873  
0.251327412287183459070183  1.04150411314568607467051  0.0113796458945731986665047  1.00539105319172049064595  0.00139615272826919002138388  1.00958935846176771572794  0.00250007233638445771663206  1.02837635259982350887341  0.00762144834360816960045285  1.00631959537855264019777  0.00163904678583568993738978  
0.376991118430775188632379  1.0395138418656599748691  0.0167530990164560083784204  1.00516980388840944718714  0.00206530802485141491849595  1.00918843405974627399843  0.00369639233474334852314579  1.02708914370060809073768  0.0112408374534538124190144  1.00605916834561420389847  0.00242434001741098542116216  
0.502654824574366918140365  1.03680717089103575814617  0.0217613350092257402934853  1.00486543083967189452996  0.00270036895498780381676476  1.00863756711017735299279  0.00482953366879958337137477  1.0253308790450794796929  0.0146375901832413852468769  1.00570099619028921597488  0.00316930061396703978264001  
0.628318530717958647702562  1.03345815539777453743227  0.0263053395589071919416415  1.00448316981894605675815  0.00329097120769984707866485  1.00794685647723167537353  0.00588052341730910480151716  1.02314298148513442728285  0.0177486141363607744924225  1.00525132927663645322075  0.00386170063813403834237191  
0.753982236861550377264758  1.02955465595948424096205  0.0303031429389330557422864  1.00402955782996221171296  0.00382757348250149616254896  1.00712883477989342752464  0.00683208452022783350879656  1.02057551245365252983247  0.0205194281138619572272749  1.00471796085320908865912  0.00449030993325116341416056  
0.879645943005142106772744  1.02519394654970016520987  0.0336914538703112832773202  1.00351229647824408163555  0.00430162198446183401275532  1.00619815866317814287943  0.0076689507280278728035619  1.01768515594427979491059  0.02290528798571798166318  1.00411005749607171080428  0.00504509232804952901922137  
1.00530964914873383628073  1.02047834810256546128268  0.0364260856968547438593416  1.00294009471706701067117  0.00470569023699461751013284  1.0051712596199367773589  0.0083781187597964313284668  1.01453311220458278186195  0.0248717956108930538709854  1.00343796489786922965411  0.00551737027922459701391802  
1.13097335529232556584293  1.01551121705277508843954  0.0384813278661921685146544  1.00232249589260989457683  0.00503359182307617499885569  1.00406596939683858131682  0.00894903376292842625441652  1.0111830389099822305899  0.0263950185180906387943326  1.00271299550116200171006  0.00589995516112974807470745  
1.25663706143591729540512  1.01039352285009435068915  0.0398484936928485466772418  1.00166969418656779321989  0.00528046473932862841485676  1.00290113386036925323917  0.00937370751544506998400447  1.00769915345407943261299  0.0274611833829931586839837  1.00194720462955987028662  0.00618724186680186144277234  
1.3823007675795090248589  1.00522114409967779145687  0.0405339079391668683676527  1.00099234548047748294148  0.00544282708409752244665784  1.00169622822831223189592  0.009646771836280040906186  1.0041445784837987558304  0.0280660292351140612640472  1.00115316158418046169499  0.00637526776770880481185443  
1.50796447372310075452952  1.00008291766307138876291  0.040556591161506248957103  1.00030137737319718455216  0.00551860474273543544416511  1.00047098495673935964097  0.00976547218235582019894847  1.00057997926483936593049  0.02821391646415592619466  1.00034372169228877379014  0.00646173731130635043903854  
1.63362817986669248398329  0.995059400085426757178245  0.0399458635363983058103998  0.999607802612709773798678  0.00550713253600028525801269  0.999245043514150718742643  0.00972960829703269392833807  0.997062510297098118230378  0.0279167866784576291280112  0.999531804583338460284958  0.00644601455631451804415173  
1.75929188601028421354549  0.990222250517505335422244  0.0387390417348218929417987  0.998922539604699851454629  0.00540913093098820005550156  0.99803762898355341071175  0.00954142998686115069374887  0.993645062784166779336608  0.0271930590691910154140225  0.998730183098005355876378  0.00632908671907227054803831  
1.88495559215387594310769  0.9856341178431648412505  0.0369793493975484282947335  0.998256242984924835283042  0.00522666086397776663281627  0.996867264106234431076878  0.0092054966604280393741716  0.990375785543566311444445  0.0260665343117366041236771  0.997951286282910826510965  0.00611350231670476361206697  
2.01061929829746767256146  0.981348907637783803589813  0.0347141127670369758042093  0.997619146540263849760183  0.00496305949098678855064236  0.995751517183355850629418  0.00872850923243441160679322  0.987297839873788308736637  0.0245653601211974336056797  0.997207018957595338142473  0.00580328775090844264884435  
2.13628300444105940223208  0.977412311185331412663989  0.0319932725422907436770015  0.997020920079201332776684  0.00462285977697907734585737  0.994706786308689874364503  0.0081191224795990477513738  0.98444934300616861709305  0.0227210957032563854352154  0.996508599421366295220606  0.00540384620328742613622544  
2.26194671058465113168585  0.973862493540041796618624  0.0288682126798637235878548  0.996470541223349156679037  0.00421169678012630959666046  0.993748118800171246643629  0.0073877450513770646358877  0.981863453798443572176184  0.0205678970930932184879927  0.995866416043742290128971  0.00492184254463272870326433  
2.38761041672824286135647  0.970730855987330230601022  0.0253908863152528199594402  0.995976182545306877157837  0.00373620331122404540245482  0.992889063471271909563139  0.00654633320952829775253232  0.979568556853776006821365  0.0181418326306293679959884  0.995289902787296038618858  0.00436507763871368524338963  
2.51327412287183459081025  0.968042806976023035702306  0.0216132067414223512889782  0.995545114033163679027362  0.00320389738147253574061541  0.992141552542897973835431  0.00560818310989415303260443  0.977588505947138802852203  0.0154803278765950506548751  0.994787433166040247921238  0.00374235499118813433208717  
2.63893782901542632048086  0.965818492628668078057563  0.0175866655203196356672306  0.995183620527779284209175  0.00262306352625089862036153  0.991515809523643621055129  0.00458772514574637458077081  0.975942893414259363907975  0.0126217320167395459154644  0.994366231754036040740765  0.00306334220044289176230687  
2.7646015351590180497178  0.964073452255947065310006  0.0133621383834344700412226  0.994896933557261689995855  0.0020026297387655398509745  0.991020279244007479832815  0.00350032262440292616647794  0.974647318194931878878717  0.00960499286946964055372133  0.994032302125210498098228  0.00233842915039976352131572  
2.89026524130260977938842  0.9628191755892679185567  0.00898984090997253533207546  0.994689176878839832599867  0.00135204139323844920209886  0.990661576371612400131357  0.00236207590782057793378544  0.973713630988764003361836  0.00646942452997598498585542  0.993790370015945897217736  0.00157858438129592969451174  
3.01592894744620150905903  0.962063546846079196191853  0.00451939871124990550065861  0.994563325021524961366912  0.00068113320657605793141654  0.990444449108677238305214  0.00118963215627203085870945  0.973150140183512547364768  0.00325454995832165737068499  0.993643840540493457694216  0.000795210612971703629110439  
3.14159265358979323829597  0.961811166657907914881009  1.20838843442216115288308e-21  0.994521174189694819631029  -8.47253631499137561666713e-22  0.990371755329627518140995  -3.65066324639087674395261e-21  0.972961766748808952757956  3.21079085614112036132705e-21  0.993594768435417217023343  -1.02029220097640092272407e-21  
3.26725635973338496796659  0.962063546846079196191853  -0.00451939871124990551082301  0.994563325021524961963224  -0.000681133206576057924640276  0.990444449108677238359424  -0.00118963215627203086887384  0.973150140183512547906869  -0.00325454995832165736729686  0.993643840540493458073686  -0.000795210612971703618946043  
3.3929200658769766976372  0.962819175589267918231439  -0.00898984090997253531174667  0.994689176878839832599867  -0.00135204139323844920887513  0.990661576371612400131357  -0.00236207590782057793378544  0.973713630988764003632886  -0.00646942452997598497907916  0.993790370015945897976678  -0.00157858438129592968095921  
3.51858377202056842709098  0.964073452255947065635266  -0.0133621383834344700547751  0.994896933557261689887435  -0.00200262973876553987807956  0.991020279244007479832815  -0.00350032262440292620713552  0.974647318194931878932927  -0.00960499286946964051306375  0.994032302125210498260858  -0.0023384291503997635619733  
3.64424747816416015676159  0.965818492628668077732302  -0.0175866655203196356672306  0.995183620527779283612864  -0.00262306352625089866101912  0.991515809523643620784078  -0.00458772514574637463498092  0.975942893414259364070606  -0.0126217320167395459561219  0.994366231754036040632345  -0.0030633422004428917758594  
3.76991118430775188621537  0.968042806976023035756516  -0.0216132067414223512618731  0.995545114033163679135782  -0.00320389738147253571351036  0.992141552542897974431742  -0.00560818310989415296484179  0.977588505947138802852203  -0.0154803278765950506548751  0.994787433166040247433347  -0.00374235499118813430498211  
3.89557489045134361566915  0.970730855987330231034703  -0.0253908863152528200136503  0.995976182545306877049417  -0.00373620331122404542955988  0.992889063471271909292089  -0.00654633320952829786095253  0.979568556853776006550314  -0.0181418326306293680501985  0.995289902787296038130967  -0.00436507763871368524338963  
4.02123859659493534512292  0.973862493540041796672834  -0.0288682126798637236149599  0.996470541223349156516407  -0.00421169678012630956955541  0.993748118800171246697839  -0.00738774505137706455457254  0.981863453798443572176184  -0.0205678970930932184879927  0.995866416043742290128971  -0.00492184254463272870326433  
4.14690230273852707479354  0.977412311185331412718199  -0.0319932725422907437583166  0.997020920079201332668264  -0.00462285977697907737296243  0.994706786308689874472923  -0.00811912247959904785979401  0.984449343006168617364101  -0.0227210957032563855707407  0.996508599421366295329026  -0.0054038462032874261633305  
4.27256600888211880446416  0.981348907637783803481393  -0.0347141127670369758313144  0.997619146540263849597552  -0.0049630594909867884693272  0.995751517183355850466788  -0.00872850923243441155258311  0.987297839873788309278738  -0.0245653601211974336327847  0.997207018957595337979843  -0.00580328775090844273015951  
4.39822971502571053413477  0.9856341178431648412505  -0.0369793493975484282947335  0.998256242984924834957781  -0.0052266608639777665515011  0.996867264106234430968458  -0.0092054966604280393199615  0.990375785543566311336025  -0.026066534311736604096572  0.997951286282910826619386  -0.00611350231670476363917202  
4.52389342116930226337171  0.990222250517505335259613  -0.0387390417348218929960088  0.9989225396046998518341  -0.00540913093098820002839651  0.99803762898355341071175  -0.00954142998686115063953876  0.993645062784166779661869  -0.0271930590691910153056023  0.998730183098005355334277  -0.00632908671907227054803831  
4.64955712731289399304233  0.995059400085426757178245  -0.0399458635363983058103998  0.999607802612709774178149  -0.00550713253600028525801269  0.999245043514150718525803  -0.00972960829703269384702291  0.997062510297098118176168  -0.0279167866784576291280112  0.999531804583338460068118  -0.00644601455631451790862646  
4.77522083345648572271294  1.00008291766307138822081  -0.040556591161506248957103  1.00030137737319718520268  -0.00551860474273543528153478  1.00047098495673935942413  -0.00976547218235582019894847  1.00057997926483936603891  -0.0282139164641559261404499  1.00034372169228877379014  -0.00646173731130635035772337  
4.90088453960007745238356  1.00522114409967779113161  -0.0405339079391668683676527  1.00099234548047748272464  -0.00544282708409752236534268  1.00169622822831223189592  -0.00964677183628004096039611  1.00414457848379875593882  -0.0280660292351140612369421  1.00115316158418046115289  -0.00637526776770880489316959  
5.02654824574366918162049  1.01039352285009435079757  -0.0398484936928485467043468  1.00166969418656779311147  -0.00528046473932862852327698  1.00290113386036925334759  -0.00937370751544507009242468  1.00769915345407943304667  -0.0274611833829931586839837  1.00194720462955987050346  -0.00618724186680186155119256  
5.15221195188726091129111  1.01551121705277508833112  -0.0384813278661921684604443  1.00232249589260989457683  -0.00503359182307617502596074  1.00406596939683858131682  -0.00894903376292842614599631  1.01118303890998223080674  -0.0263950185180906386859124  1.00271299550116200225217  -0.00589995516112974796628723  
5.27787565803085264096173  1.02047834810256546149952  -0.0364260856968547437780264  1.00294009471706701045433  -0.00470569023699461748302779  1.00517125961993677725047  -0.00837811875979643143688702  1.01453311220458278186195  -0.0248717956108930540607208  1.00343796489786922965411  -0.00551737027922459698681297  
5.40353936417444437063234  1.02519394654970016553513  -0.0336914538703112833857405  1.00351229647824408109345  -0.00430162198446183409407048  1.00619815866317814255417  -0.00766895072802787283066696  1.01768515594427979491059  -0.0229052879857179817173901  1.00411005749607171080428  -0.00504509232804952912764158  
5.5292030703180360994356  1.02955465595948424139573  -0.0303031429389330557964966  1.00402955782996221182138  -0.00382757348250149624386413  1.00712883477989342741622  -0.00683208452022783359011172  1.02057551245365253004931  -0.0205194281138619573899053  1.0047179608532090890928  -0.00449030993325116344126562  
5.65486677646162782910622  1.03345815539777453721543  -0.0263053395589071919687466  1.00448316981894605686657  -0.00329097120769984694313957  1.00794685647723167537353  -0.005880523417309104720202  1.02314298148513442739127  -0.0177486141363607743840023  1.00525132927663645332917  -0.00386170063813403836947696  
5.78053048260521955877683  1.03680717089103575803775  -0.021761335009225740185065  1.00486543083967189463838  -0.00270036895498780387097487  1.00863756711017735234227  -0.00482953366879958342558488  1.0253308790450794796929  -0.0146375901832413852197718  1.0057009961902892155412  -0.00316930061396703978264001  
5.90619418874881128844745  1.03951384186565997497752  -0.0167530990164560082971053  1.00516980388840944707872  -0.002065308024851414945601  1.00918843405974627421527  -0.00369639233474334841472557  1.02708914370060809073768  -0.0112408374534538124190144  1.00605916834561420422373  -0.00242434001741098536695206  
6.03185789489240301811807  1.04150411314568607445367  -0.0113796458945731985580845  1.00539105319172049053753  -0.00139615272826919007559399  1.00958935846176771518583  -0.00250007233638445777084217  1.02837635259982350865657  -0.00762144834360816949203263  1.00631959537855263965567  -0.00163904678583568985607462  
6.15752160103599474778868  1.04272175838626924714199  -0.00575416049162569418677724  1.00552535571770369229004  -0.000703904643015576631458717  1.00983293221427638120934  -0.00126087204970084184349303  1.02916149799815980305819  -0.00384950087310214399886725  1.00647770873373300175562  -0.000826423093543144637331509  
