0  1.03390646537108017385693  -3.6503767623368240856951e-21  1.11314269704102414076333  1.46250516332468069460736e-21  1.01493731609177163094631  -1.33149144358421728533582e-21  1.0327893865889547235417  2.87115626264100852136544e-22  1.05535184164232480525693  -4.63150234941906210120509e-21  1.0845981868112554882648  8.9922618652590086924621e-22  
0.15707963267948966192564  1.03344204099875990054708  0.00549464408852772381240378  1.11115159298579389563887  0.0199622787538432807560434  1.01474460072638459772094  0.00237299613403432385066593  1.03232645544876353482962  0.00536735425041370380324431  1.05452953223544556215965  0.0092171100041815921428425  1.08324532929688525744166  0.0144452854847167769665158  
0.314159265358979323851281  1.03206540753967398430131  0.0108235435782717069039044  1.10531676288665339585003  0.03899729429459841006334  1.01417211009122949598709  0.0046820017642188897763803  1.03095590723601816471062  0.0105635176376784881420814  1.05210013032599453868584  0.0181123041710327412629335  1.07926144350169218530128  0.0283183211723350481794676  
0.471238898038468985776921  1.02982541441103095998955  0.0158285941172194706913099  1.09603094428542038277653  0.0562766919376301688374121  1.0132365712453401265054  0.00686519040547264449239097  1.0287310857976975459957  0.0154263541666424744555012  1.04817263101099206233993  0.0263843731777251675770348  1.07286141675757971806256  0.0410933802607677033257483  
0.628318530717958647702562  1.02680004389447517552415  0.0203662863696399031238678  1.08388001984075393294323  0.0711474918233650607037608  1.01196508319897070737013  0.00886494237886871452229785  1.02573646424751751117348  0.0198108634243492361912435  1.04291740718867388779297  0.0337707335436679214636917  1.06437495699197020031408  0.0523298089702669647161411  
0.785398163397448309628202  1.023091696012514007939  0.0243133980663413575869355  1.06956115291617920488604  0.0831722619743070217492227  1.01039400957453706934776  0.010629657326495147985591  1.02208166675820093780881  0.0235954969840415222816351  1.03655139819828393649669  0.0400604229245613766409537  1.05421063236187356618526  0.0616969596462767593783756  
0.942477796076937971553843  1.01882137052682155895205  0.0275710367582165231416236  1.05380056748087387466853  0.0921314931135905353478451  1.0085675439115802378906  0.0121152499093664645622454  1.01789428266320433884729  0.0266862359042793581580992  1.02932098932497498690927  0.0451011072526866010890239  1.04281649199406207259924  0.068983508376265079730977  
1.09955742875642763342527  1.01412235136549660271133  0.0300668767561334459247589  1.03728664665589608018248  0.0979967629729254749752169  1.00653604599793148840527  0.0132862715856895853962314  1.01331233756078353358369  0.0290183177283409093682532  1.02148501009702007288026  0.0488001850678402890706172  1.03064380392957392353591  0.0740926966455015566020634  
1.25663706143591729540512  1.00913397175754982913395  0.0317556563386832913441996  1.02062577922356309187684  0.100887754644287181731072  1.0043542545966743207396  0.0141166336101529331419286  1.00847719239618992704156  0.0305558267598728221237092  1.01329979460628895543764  0.0511209885246842489888103  1.01811833630578591825596  0.0770273765130825489752487  
1.41371669411540695738497  1.00399593468046842306782  0.0326181785494961892644039  1.00432084573097733727794  0.1010253503388746029745  1.00207947821329742871168  0.0145899373099216961014975  1.00352743982135473297702  0.0312895893719175172944993  1.0050074960106504397923  0.0520755886886859303797851  1.00562104925521780861633  0.077869520924243963778716  
1.5707963267948966192564  0.998843515195541606062693  0.0326591696515594455358994  0.988767667671763569794009  0.0986892561612350049506733  0.999769852923346843260027  0.0146994438596587190048277  0.998594121717059422728598  0.0312339241382510964976449  0.996828077547616830196477  0.051715807484808479105331  0.993477911949934948561674  0.0767583747088551838301312  
1.72787595947438628112783  0.993803812597599533237933  0.0319043904414381804441909  0.974263259802681863043245  0.0941843781102245568385154  0.997482737518679307350822  0.0144477349390162817095685  0.99379735986846598835712  0.030422795764465458296928  0.988954788620834075881481  0.0501238272874773019760139  0.981957220350053734464132  0.073870255174930363594051  
1.88495559215387594310769  0.988993078092470541060055  0.0303973780501451555148031  0.961020296607248137839632  0.0878168961059916895343968  0.995273294431794863204761  0.0138461268692607337695228  0.989244310595039156035375  0.0289058438033980493072055  0.981552550411283892737007  0.0474034196581803064638643  0.971272266188989554099812  0.0694017148553868670334422  
2.04203522483336560497912  0.98451503430375278977469  0.0281961379872533997141548  0.949183660897358057661685  0.0798790549550081050553707  0.993193282962043789508042  0.0129139043434195782862617  0.985028238085525506160731  0.0267446393212456069618218  0.974758511254014559240747  0.0436724169128697328436583  0.961587270604904996136944  0.0635566985542758749726266  
2.19911485751285526685055  0.980460031954105952316236  0.0253700276876865758209209  0.938846478513873035668617  0.0706408848845668883503833  0.991290071570032995426202  0.011677436830428486509866  0.981228446744196585512388  0.0240093970762947471345519  0.968684032053309835479452  0.0390567075752259179808571  0.953024873165630904351796  0.0565375926694124535549233  
2.35619449019234492893882  0.976904854040992830991989  0.0219969902368865455666628  0.930064274211222848369896  0.0603469709959308728687392  0.989605859973861753530085  0.0101692328051635038358358  0.977910806246275879642822  0.0207762588725913162774608  0.963417459286943958832704  0.0336857855087506538859779  0.945673940987379791083163  0.0485396614158055623704387  
2.51327412287183459081025  0.973912971483220848349475  0.0181612216515378180028062  0.92286671868019646387208  0.0492166513408423522567454  0.988177090244277147223963  0.00842697594488652046798051  0.975128627337597049648445  0.017125176135401353964664  0.959027180728482646582343  0.0276897244125131486650461  0.939596901052696004000633  0.0397482102180061732394213  
2.67035375555132425268168  0.971535067711621233305791  0.0139512931523855160034905  0.917266927569600864340003  0.0374463995608959414691439  0.987034019171129160905454  0.00649257502950151125543921  0.972923686453926874189574  0.0131383585103062513693511  0.955564598141347658311843  0.0211973676715259523709077  0.934836143044089966922579  0.0303378185159553859610046  
2.82743338823081391476995  0.969809674783806451253774  0.00945870306864302872048526  0.913268515916298060665877  0.0252135128592991309117648  0.986200421503810413991972  0.00441124688959189593367841  0.971327241638920797425771  0.00889921726057250650452637  0.953066770731709044981415  0.0143354954675444369894817  0.931419279038224702451255  0.0204730663422414446871362  
2.98451302091030357664138  0.96876379387776371913954  0.00477680029222564908444654  0.910870694944869391338621  0.0126805265051416769745018  0.985693394616795278394012  0.00223064040803021671575544  0.970360923959005465912805  0.00449171190468306181087091  0.95155857514446767346809  0.00722873512724164434460302  0.929363193412441237009364  0.0103102889275532006671418  
3.14159265358979323851281  0.968413404173587932398295  1.46085603428173918641255e-21  0.910071689316528883854137  -3.43736075939104731407713e-21  0.985523238964794317076065  2.28080231387822687994733e-21  0.970037424259559370157049  -1.54463334473422691520303e-22  0.951054292521005957734576  4.34553819913120898754038e-21  0.928676892810771533435816  -2.44254307203941798454201e-21  
3.29867228626928290060108  0.968763793877763718705859  -0.00477680029222564908952873  0.910870694944869391338621  -0.0126805265051416770007598  0.985693394616795278122962  -0.00223064040803021671744951  0.970360923959005465641754  -0.00449171190468306181087091  0.95155857514446767363072  -0.00722873512724164435815555  0.929363193412441236900944  -0.0103102889275532006908587  
3.45575191894877256225567  0.969809674783806451199564  -0.00945870306864302874759031  0.913268515916298060449037  -0.0252135128592991309320935  0.986200421503810413991972  -0.00441124688959189595400721  0.971327241638920797154721  -0.00889921726057250651807889  0.953066770731709045089836  -0.0143354954675444370199749  0.931419279038224702613885  -0.0204730663422414447040769  
3.61283155162826222434394  0.971535067711621233360001  -0.0139512931523855159967142  0.917266927569600864285793  -0.0374463995608959414657557  0.987034019171129160688614  -0.00649257502950151123511041  0.972923686453926874406414  -0.0131383585103062513693511  0.955564598141347658311843  -0.0211973676715259523505789  0.93483614304408996713942  -0.0303378185159553859643927  
3.76991118430775188621537  0.973912971483220848512106  -0.0181612216515378180163587  0.922866718680196463601029  -0.0492166513408423522533573  0.988177090244277147115543  -0.00842697594488652046798051  0.975128627337597049268975  -0.0171251761354013539782166  0.959027180728482646473922  -0.0276897244125131486785986  0.939596901052696004000633  -0.0397482102180061732529738  
3.9269908169872415480868  0.976904854040992830991989  -0.0219969902368865455666628  0.930064274211222848369896  -0.0603469709959308728755155  0.989605859973861753421664  -0.0101692328051635038358358  0.977910806246275879751242  -0.0207762588725913162503557  0.963417459286943959103754  -0.0336857855087506539130829  0.945673940987379791083163  -0.0485396614158055623568862  
4.08407044966673120995823  0.980460031954105952316236  -0.0253700276876865758073683  0.938846478513873035668617  -0.0706408848845668883368308  0.991290071570032995588832  -0.011677436830428486482761  0.981228446744196585512388  -0.0240093970762947471345519  0.968684032053309835696292  -0.0390567075752259179944096  0.953024873165630904514427  -0.0565375926694124535616995  
4.24115008234622087226334  0.984515034303752790099951  -0.0281961379872533997277073  0.949183660897358057715895  -0.079879054955008105062147  0.993193282962043789399622  -0.0129139043434195782727092  0.985028238085525506323361  -0.0267446393212456069618218  0.974758511254014559186537  -0.0436724169128697328572108  0.961587270604904996245364  -0.0635566985542758749658503  
4.39822971502571053370109  0.988993078092470540897425  -0.0303973780501451555012505  0.961020296607248137405952  -0.0878168961059916895072917  0.995273294431794863042131  -0.0138461268692607337966278  0.989244310595039155710115  -0.028905843803398049293653  0.981552550411283892411746  -0.0474034196581803064909693  0.971272266188989553611921  -0.0694017148553868670198897  
4.5553093477052001960062  0.993803812597599533454774  -0.0319043904414381804712959  0.974263259802681863043245  -0.0941843781102245568385154  0.997482737518679307513452  -0.0144477349390162816824635  0.993797359868465988465541  -0.0304227957644654582427179  0.988954788620834075989902  -0.0501238272874773019624614  0.981957220350053734409922  -0.073870255174930363566946  
4.71238898038468985787763  0.998843515195541605845853  -0.0326591696515594455630044  0.988767667671763569956639  -0.0986892561612350049642258  0.999769852923346843368447  -0.0146994438596587189641701  0.998594121717059422728598  -0.03123392413825109652475  0.996828077547616830304898  -0.0517158074848084791188835  0.993477911949934948344833  -0.0767583747088551838843413  
4.86946861306417951974906  1.00399593468046842274256  -0.0326181785494961892508513  1.00432084573097733727794  -0.10102535033887460292029  1.00207947821329742860326  -0.0145899373099216961014975  1.00352743982135473297702  -0.0312895893719175173216043  1.00500749601065044000914  -0.0520755886886859303662326  1.00562104925521780850791  -0.077869520924243963778716  
5.02654824574366918162049  1.00913397175754982913395  -0.0317556563386832912899895  1.02062577922356309187684  -0.10088775464428718171752  1.00435425459667432063118  -0.0141166336101529331148235  1.00847719239618992736682  -0.0305558267598728220966042  1.01329979460628895565448  -0.0511209885246842489888103  1.01811833630578591836438  -0.0770273765130825489752487  
5.18362787842315884349192  1.01412235136549660249449  -0.0300668767561334459112064  1.03728664665589608018248  -0.0979967629729254749752169  1.00653604599793148818843  -0.0132862715856895853691264  1.01331233756078353358369  -0.0290183177283409093818057  1.02148501009702007320552  -0.0488001850678402890570647  1.03064380392957392375275  -0.0740926966455015566156159  
5.34070751110264850536336  1.01882137052682155884363  -0.0275710367582165230738609  1.05380056748087387521063  -0.0921314931135905353410689  1.00856754391158023832428  -0.0121152499093664645486929  1.01789428266320433928097  -0.0266862359042793581580992  1.02932098932497498734295  -0.0451011072526866010890239  1.04281649199406207205714  -0.0689835083762650797445295  
5.49778714378213816723479  1.02309169601251400772216  -0.024313398066341357573383  1.06956115291617920499447  -0.0831722619743070217627752  1.01039400957453706934776  -0.0106296573264951479991436  1.02208166675820093824249  -0.0235954969840415223087402  1.03655139819828393649669  -0.0400604229245613766680588  1.05421063236187356607684  -0.0616969596462767593919281  
5.6548667764616278295399  1.02680004389447517519889  -0.0203662863696399031374204  1.08388001984075393272638  -0.0711474918233650606902083  1.01196508319897070769539  -0.0088649423788687145494029  1.02573646424751751106506  -0.0198108634243492361912435  1.04291740718867388779297  -0.0337707335436679214636917  1.06437495699197020053092  -0.0523298089702669647093648  
5.81194640914111749097765  1.02982541441103095966429  -0.0158285941172194706777574  1.09603094428542038255969  -0.0562766919376301688577409  1.01323657124534012585488  -0.00686519040547264451271976  1.02873108579769754610412  -0.01542635416664247447583  1.04817263101099206233993  -0.0263843731777251675702585  1.07286141675757971838782  -0.0410933802607677033121958  
5.96902604182060715328276  1.03206540753967398408447  -0.0108235435782717068903518  1.10531676288665339563319  -0.0389972942945984100531756  1.01417211009122949642077  -0.00468200176421888976960404  1.0309559072360181646022  -0.0105635176376784881691864  1.05210013032599453781848  -0.0181123041710327412697097  1.07926144350169218530128  -0.0283183211723350481862438  
6.12610567450009681515419  1.0334420409987599006555  -0.00549464408852772380562751  1.11115159298579389542203  -0.0199622787538432807340205  1.01474460072638459761252  -0.00237299613403432385066593  1.03232645544876353482962  -0.00536735425041370380324431  1.05452953223544556237649  -0.00921711000418159212590184  1.08324532929688525755008  -0.0144452854847167769529633  
