0  1.01697540544823154633203  1.49560986418842892694487e-20  1.01804164656775042560773  2.53070856581447371276717e-20  1.0236997493202610754609  2.4933495187318650312956e-20  1.00161907562550572315697  2.01021527524367905922958e-22  
0.15707963267948966192564  1.01675019696980228900429  0.00272176938013528449183606  1.01780118308218653388249  0.00289716709175598502424252  1.02337606820203656202324  0.00383676377438178693127669  1.00159899775105790510968  0.00025387944330311636945835  
0.314159265358979323851281  1.01608185371940692119912  0.00536614666584014346137343  1.01708768935091748342094  0.00571123663798416179794744  1.02241653347541027287756  0.00755836854992511666213525  1.00153927276708066640507  0.000501418010275953674554847  
0.471238898038468985776921  1.01499183700140364861823  0.00785880198512361677148051  1.01592442417784325212667  0.00836247879725689069875354  1.02085493767328382304881  0.0110549137651285431845766  1.00144141264461278815773  0.000736439833881003555558081  
0.628318530717958647702562  1.01351467034637609783768  0.0101313065166513350200649  1.01434875941324698924665  0.0107776445473236798830267  1.01874524748853045440916  0.0142265463946741808041758  1.00130789133390645840888  0.000953094108860149389402666  
0.785398163397448309628202  1.0116962010988172199601  0.0121235538125661146207322  1.01241024078385922905284  0.0128926041347932850947462  1.0161583705018021757914  0.0169873857037758400965848  1.00114207744511996825074  0.00114600544568874658578166  
0.942477796076937971553843  1.00959140408187186919043  0.0137856222197824203790258  1.01016814726948786712715  0.0146543526862036104191182  1.01317816485684996719637  0.0192683194851899442716185  1.0009481432702276326209  0.00131041019877541951659493  
1.09955742875642763342527  1.00726191942200123574831  0.0150790030836416915846227  1.00768876918137664084035  0.0160223019113656081667887  1.00989710577123837525505  0.0210185652402864843262768  1.00073095319793233708497  0.00144227502599563505770487  
1.25663706143591729540512  1.00477351836526658643203  0.0159771872456017320206657  1.0050426251121492919301  0.0169688552040880117634768  1.00641200367394590808184  0.0222060419375962492683635  1.00049593515686230773068  0.00153839465031818355676176  
1.41371669411540695738497  1.00219366932058491070218  0.016465661525282610763753  1.00230181091650261343898  0.0174793308259830860811566  1.00282009733489214161218  0.0228167187143259284250185  1.00024893912471518815123  0.00159646659020294494606834  
1.5707963267948966192564  0.999589338400291589961915  0.0165414102611604559890657  0.999537628459163746076546  0.0175513460777804833389329  0.99921574392062651403211  0.0228531818412217797614923  0.999996086955853715958192  0.001615141454448448766687  
1.72787595947438628112783  0.99702511281078677835097  0.0162120415200937896830959  0.996818588153605215137348  0.0171938012588630042046765  0.99568781967550964209215  0.0223326885543814428864394  0.999743617814559188110984  0.00159404821252068665889297  
1.88495559215387594310769  0.994561689430549934970785  0.0154946639922914141751856  0.994208826519766830263295  0.0164256071163411604201757  0.992317848356249115838925  0.0212849636773403873702803  0.999497733374936478260072  0.001533794612668288009482  
2.04203522483336560497912  0.992254730733754406997796  0.0144146322568535090874464  0.991766934836948151640954  0.0152742877692255598211062  0.98917880067425202329735  0.0197499550916992388334067  0.999264446689384842371917  0.00143594359602578630630276  
2.19911485751285526685055  0.990154059339032527656786  0.0130042597254591898732045  0.989545161148929987369582  0.0137745684898068716307037  0.986334460477211749987719  0.0177757105803683872593049  0.999049438268915219075062  0.00130296712487665888109863  
2.35619449019234492893882  0.988303142019533550856249  0.0113015749182428893940136  0.987588926324661666182516  0.0119670298558094782961697  0.98383923030485619402527  0.0154164826281969404183064  0.998857922495332791780476  0.00113817929784996323995527  
2.51327412287183459081025  0.986738803375317801401534  0.00934917181204797461833902  0.98593658452070200216193  0.0098968812289324830153538  0.981738245193476177124278  0.0127311170744175918592396  0.998694527030601230613988  0.000945650964959409293998129  
2.67035375555132425268168  0.985491106866387796151072  0.00719318169477786086994566  0.984619357046551817798548  0.00761288040071780894811875  0.980067673081291860386934  0.00978174007412635763047872  0.998563187431267814265622  0.000730108290645573103057678  
2.82743338823081391476995  0.984583344459395699388264  0.00488237394763993975022476  0.983661373771498394043104  0.00516640429369632895212653  0.978855097269865980207787  0.00663272672948116569533817  0.998467058737922764964992  0.000496817859360476358414165  
2.98451302091030357664138  0.984032083756928163285546  0.00246737716251060637361178  0.983079765496464880170351  0.00261065839917570015197342  0.978119896780837202901297  0.00334991317024471057500604  0.998408445406017177692435  0.000251460995618878713854299  
3.14159265358979323851281  0.983847231516750398241412  2.16872130412129357153421e-21  0.982884762300524391167873  -4.39732745753434698674045e-21  0.97787356125540664416023  -1.40286731889260210708675e-21  0.998388750581881326056841  4.39195871473804758708703e-21  
3.29867228626928290060108  0.984032083756928163556597  -0.00246737716251060635667112  0.983079765496464879953511  -0.00261065839917570013503276  0.978119896780837203063928  -0.00334991317024471056145352  0.998408445406017177584015  -0.000251460995618878703689904  
3.45575191894877256225567  0.984583344459395699388264  -0.00488237394763993975700103  0.983661373771498394097314  -0.0051664042936963289589028  0.978855097269865980316207  -0.00663272672948116570211443  0.998467058737922765398673  -0.000496817859360476344861637  
3.61283155162826222434394  0.985491106866387796096862  -0.00719318169477786085639313  0.984619357046551817744338  -0.00761288040071780894811875  0.980067673081291860766404  -0.00978174007412635760337367  0.998563187431267814211412  -0.000730108290645573075952623  
3.76991118430775188621537  0.986738803375317801509954  -0.00934917181204797463189154  0.98593658452070200205351  -0.00989688122893248297469622  0.981738245193476177015857  -0.0127311170744175918863447  0.998694527030601230613988  -0.000945650964959409293998129  
3.9269908169872415480868  0.988303142019533550747829  -0.0113015749182428894211187  0.987588926324661666236726  -0.0119670298558094783368273  0.98383923030485619386264  -0.0154164826281969404589639  0.998857922495332791672056  -0.00113817929784996332127044  
4.08407044966673120995823  0.990154059339032527439946  -0.0130042597254591898732045  0.989545161148929987206951  -0.0137745684898068716849138  0.986334460477211750150349  -0.0177757105803683872593049  0.999049438268915219400323  -0.00130296712487665882688852  
4.24115008234622087226334  0.992254730733754406997796  -0.0144146322568535090874464  0.991766934836948151803585  -0.0152742877692255598211062  0.98917880067425202335156  -0.0197499550916992388334067  0.999264446689384842697178  -0.00143594359602578633340782  
4.39822971502571053370109  0.994561689430549934916575  -0.0154946639922914141751856  0.994208826519766830100665  -0.0164256071163411603930707  0.992317848356249116109976  -0.0212849636773403873973853  0.999497733374936478639543  -0.00153379461266828798237695  
4.5553093477052001960062  0.997025112810786778513601  -0.016212041520093789737306  0.996818588153605215299979  -0.0171938012588630041504664  0.9956878196755096418211  -0.0223326885543814429677546  0.999743617814559188165194  -0.00159404821252068674020813  
4.71238898038468985787763  0.999589338400291589582444  -0.0165414102611604560432758  0.999537628459163746293386  -0.0175513460777804833118278  0.99921574392062651403211  -0.0228531818412217797614923  0.999996086955853715524511  -0.001615141454448448766687  
4.86946861306417951974906  1.00219366932058491048534  -0.0164656615252826107366479  1.00230181091650261333056  -0.0174793308259830860811566  1.00282009733489214150376  -0.0228167187143259283979135  1.00024893912471518804281  -0.0015964665902029449731734  
5.02654824574366918162049  1.00477351836526658632361  -0.0159771872456017319664556  1.00504262511214929182168  -0.0169688552040880116821616  1.00641200367394590819026  -0.0222060419375962492954685  1.00049593515686230794752  -0.00153839465031818344834154  
5.18362787842315884349192  1.00726191942200123574831  -0.0150790030836416915846227  1.00768876918137664073193  -0.0160223019113656081938938  1.00989710577123837547189  -0.0210185652402864842720667  1.00073095319793233686813  -0.00144227502599563513902003  
5.34070751110264850536336  1.00959140408187186951569  -0.0137856222197824203248157  1.01016814726948786756083  -0.0146543526862036103649081  1.01317816485684996687111  -0.0192683194851899442716185  1.0009481432702276326209  -0.00131041019877541959791009  
5.49778714378213816723479  1.01169620109881721974326  -0.0121235538125661147562575  1.01241024078385922916126  -0.0128926041347932852031664  1.0161583705018021757914  -0.016987385703775840205005  1.00114207744511996814232  -0.00114600544568874666709682  
5.6548667764616278295399  1.01351467034637609772926  -0.0101313065166513350200649  1.01434875941324698924665  -0.0107776445473236799372369  1.01874524748853045451758  -0.0142265463946741808312808  1.00130789133390645884256  -0.000953094108860149253877395  
5.81194640914111749097765  1.01499183700140364840139  -0.00785880198512361679858557  1.01592442417784325223509  -0.00836247879725689072585859  1.02085493767328382261513  -0.0110549137651285432658917  1.00144141264461278783247  -0.000736439833881003691083353  
5.96902604182060715328276  1.0160818537194069210907  -0.00536614666584014346137343  1.01708768935091748331252  -0.00571123663798416174373733  1.02241653347541027341966  -0.00755836854992511655371504  1.00153927276708066673033  -0.000501418010275953593239684  
6.12610567450009681515419  1.01675019696980228943797  -0.00272176938013528453249364  1.01780118308218653377407  -0.00289716709175598507845263  1.02337606820203656169798  -0.00383676377438178697193427  1.00159899775105790478442  -0.00025387944330311636945835  
