0  1.08247026660284172171807  -4.85878777067692228813044e-21  1.00638954644252288700337  -1.02536914931282085257719e-20  1.00557038376290305804143  -3.74476637211987476154026e-21  1.02942538039323796942616  -3.35821944431147359813662e-21  1.02883360116545647907401  -3.32283796501037500585787e-21  
0.125663706143591729535091  1.08155067301288249819249  0.0116230854080828737676274  1.00633770882738584934342  0.00080839031663951773710227  1.00552535571751262832851  0.000703904642966091774057731  1.02916149799942970586089  0.00384950087344343329901928  1.02857567882798766744235  0.00376887470842900220737142  
0.251327412287183459070183  1.0788321203611210928738  0.0229047431200804761799268  1.00618310808165598024821  0.00160329875292808030594338  1.00539105319154800275393  0.00139615272817342557412201  1.02837635260095892084185  0.00762144834426565240346335  1.02780821769270487759957  0.00746217116954675678867047  
0.376991118430775188632379  1.07443110929887074745  0.0335266451308894565736581  1.00592845970701306600355  0.00237150451574912393692962  1.00516980388826655866494  0.00206530802471556628363732  1.02708914370153114262868  0.0112408374543794816011622  1.02654984263828249297854  0.0110067676253740534693913  
0.502654824574366918140365  1.06852869306909370494037  0.0432132884885611522909031  1.00557822101636339941991  0.00310030146840770394977248  1.00486543083956769142548  0.00270036895482064098370986  1.02533087904572877704056  0.014637590184368438585771  1.02483064578769448335453  0.0143342936844681233601873  
0.628318530717958647702562  1.06135345185081157877958  0.0517458169142179501027046  1.00513849110019477795224  0.00377773705018235138992054  1.00448316981888709741033  0.00329097120751213037450483  1.02314298148546937734099  0.0177486141376092079237087  1.0226908513453458134156  0.0173831208369460742189493  
0.753982236861550377264758  1.05316212153213283693378  0.0589687823355837191757322  1.00461687609480665201323  0.00439283015586816748721151  1.00402955782995211746547  0.00382757348230526277927353  1.02057551245365576726015  0.0205194281151450310534973  1.02017911085432100033038  0.0200999402242579913594259  
0.879645943005142106772744  1.04422077575786047157029  0.0647901208322967571569782  1.00402232464989586658774  0.00493576262116297953780157  1.00351229647828331923744  0.00430162198426960732571336  1.0176851559439575994068  0.0229052879869489154750911  1.01735056535923080751199  0.0224408632781306097646844  
1.00530964914873383628073  1.03478877768270777735837  0.0691756997624203115080342  1.00336493934067130177467  0.00539804020995079801180025  1.00294009471715288837369  0.00470569023681859289641102  1.0145331122039636023496  0.0248717956119913346526261  1.01426481641639237526488  0.0243720274806083384922309  
1.13097335529232556584293  1.02510674443396596425011  0.0721403285439516255873882  1.00265577027654947147965  0.00577262037022428268974623  1.00232249589273676325298  0.00503359182292743780225142  1.01118303890911360900899  0.0263950185189874327181762  1.01098393754872317956521  0.0258697321904434238810065  
1.25663706143591729540512  1.01538882702570758156772  0.0737371398839188213762859  1.00190659731801842832408  0.00605400542023619192598741  1.00166969418672743754456  0.00528046473921645371390511  1.00769915345302372630936  0.0274611833836354674812791  1.00757063532222462841955  0.0269201632687503731840642  
1.3823007675795090248589  1.00581890916522735494876  0.0740469075823636465087055  1.00112970714631371253311  0.00623830115545245215014775  1.00099234548065967346717  0.00544282708402880414087256  1.00414457848262813689007  0.0280660292354674245174188  1.00408663965893691326359  0.0275187874230432014469039  
1.50796447372310075452952  0.996549936821254187457268  0.0731683725346380446055618  1.00033767098078854986074  0.00632324205380339538266031  1.00030137737339034590279  0.00551860474271427520588998  1.00057997926363054902975  0.0282139164642056288411723  1.00059137129804443184025  0.027669507365613921060811  
1.63362817986669248398329  0.987705469047246914786505  0.0712101605198876257823981  0.999543128066286679989701  0.00630818524443680771641302  0.999607802612901730112804  0.00550713253602776555469672  0.997062510295927223360601  0.0279167866782085041614785  0.997140904647681670025169  0.0273836684703153930011636  
1.75929188601028421354549  0.979382603575853292207729  0.0682844850385245593195685  0.998758579226518228126337  0.00619407615810039995194076  0.998922539604878595843711  0.00540913093106235110863779  0.993645062783104671307044  0.0271930590686660230922717  0.993787219491520984384486  0.0266789991534963324873019  
1.88495559215387594310769  0.971655589201089167053407  0.064502565127174473630367  0.997996193870440557603836  0.00598338928146155803536321  0.998256242985079275545704  0.00522666086409372373567696  0.990375785542674645905298  0.0260665343109744307588914  0.990577716565008179827947  0.0255785536409018411131699  
2.01061929829746767256146  0.96457962276061894567325  0.0599715412123439118587901  0.997267632913822045384947  0.00568004769865398118360196  0.997619146540384486984351  0.00496305949113712711385539  0.987297839873116446322843  0.0245653601202493733176354  0.987554960110737666554095  0.0241097098748083055489919  
2.13628300444105940223208  0.958194500063491651773492  0.0547926133685143186373683  0.996583889195539499744093  0.00528932514259043692959709  0.997020920079280826588391  0.00462285977715429688525602  0.984449343005751464994596  0.0227210957021827686266955  0.984756604501026148209934  0.0223032592883746371326299  
2.26194671058465113168585  0.95252792824946522204756  0.0490601249334411499764463  0.995955146173948577096886  0.00481773412911206205485638  0.996470541223382755399631  0.00421169678031543785073389  0.98186345379830036966904  0.0205678970919596304457646  0.982215460724562279483559  0.020192610567042508214284  
2.38761041672824286135647  0.947598407623998825700593  0.042861344542003252465587  0.995390655015984314468464  0.00427290344890058991890805  0.995976182545292679964069  0.00373620331141532197602798  0.979568556853909995453186  0.0181418326295028670309961  0.979959660653150505232184  0.0178131172031171600297038  
2.51327412287183459081025  0.943417657835796939248818  0.0362767429958838977455604  0.994898629660616938758574  0.00366344788818688321327399  0.995545114033102730005925  0.0032038973816541330992937  0.97758850594753771595961  0.0154803278755405628318602  0.978012881282453463440384  0.0152015289515665649776668  
2.63893782901542632048086  0.939992603350345397414823  0.0293806066447207398233295  0.994486159057206484546826  0.00299883258202569656777556  0.995183620527675482476341  0.00262306352641163916829519  0.975942893414896623250493  0.0126217320158165739843762  0.976394596531088900101189  0.0123955601383327539632105  
2.7646015351590180497178  0.937326953817660553131171  0.0222418700265506460647799  0.994159135546478613619775  0.00228923391255771190629792  0.994896933557121539951507  0.0020026297388955655747779  0.97464731819576839631173  0.00960499286872939288749705  0.975120329900632150117029  0.00943356283870446006719311  
2.89026524130260977938842  0.935422422378050366610028  0.0149250847967344465804873  0.993922198257721864098849  0.00154539838379381234907727  0.994689176878672034478549  0.00135204139332980790574141  0.97371363098975046405795  0.00646942452945900352902523  0.974201886821063883629447  0.00635428979675481614766697  
3.01592894744620150905903  0.934279623967167006080587  0.007491468902664848732349  0.993778690425049842521472  0.000778500463006838913627115  0.994563325021339881062965  0.000681133206623173458093071  0.973150140184592074511696  0.00325454995805599762306675  0.97364755053598342108374  0.00319673013690080966506539  
3.14159265358979323829597  0.933898689632318123807209  5.62129544910445417094603e-22  0.99373062965893570874917  -1.67320870116602109759227e-20  0.994521174189503860566062  -1.37151716089826902822434e-20  0.972961766749920023194999  -9.46649312747891386412005e-21  0.973462229804947677810553  -2.85876246604417157812554e-21  
3.26725635973338496796659  0.934279623967167005863747  -0.007491468902664848732349  0.99377869042504984187095  -0.000778500463006838900074588  0.994563325021339881008755  -0.000681133206623173458093071  0.973150140184592074728536  -0.00325454995805599761290235  0.9736475505359834208669  -0.00319673013690080966845352  
3.3929200658769766976372  0.935422422378050366772659  -0.0149250847967344465804873  0.993922198257721864098849  -0.00154539838379381234907727  0.994689176878672034153289  -0.00135204139332980791251768  0.973713630989750464383211  -0.00646942452945900354935403  0.974201886821063883629447  -0.00635428979675481613411444  
3.51858377202056842709098  0.93732695381766055291433  -0.0222418700265506460715561  0.994159135546478613294514  -0.00228923391255771189274539  0.994896933557121540168348  -0.00200262973889556554767284  0.9746473181957683961491  -0.00960499286872939288072079  0.975120329900632150008609  -0.0094335628387044600875219  
3.64424747816416015676159  0.939992603350345397794294  -0.029380606644720739836882  0.994486159057206484655246  -0.00299883258202569656777556  0.995183620527675482801602  -0.00262306352641163916829519  0.975942893414896623304703  -0.0126217320158165739437187  0.976394596531088900318029  -0.0123955601383327539361055  
3.76991118430775188621537  0.943417657835796939303028  -0.0362767429958838977591129  0.994898629660616938541733  -0.00366344788818688319972146  0.995545114033102730060135  -0.00320389738165413313995128  0.977588505947537716284871  -0.0154803278755405628860703  0.978012881282453463277753  -0.015201528951566565058982  
3.89557489045134361566915  0.947598407623998825429542  -0.0428613445420032524520344  0.995390655015984314576884  -0.00427290344890058997311816  0.995976182545292679747229  -0.00373620331141532203023808  0.979568556853909994856875  -0.0181418326295028670852062  0.979959660653150505394814  -0.0178131172031171600703614  
4.02123859659493534512292  0.95252792824946522199335  -0.0490601249334411500035514  0.995955146173948577367936  -0.00481773412911206208196144  0.99647054122338275502016  -0.004211696780315437904944  0.98186345379830036956062  -0.0205678970919596304186595  0.982215460724562279483559  -0.020192610567042508241389  
4.14690230273852707479354  0.958194500063491651502441  -0.0547926133685143186102633  0.996583889195539500177774  -0.00528932514259043687538699  0.997020920079280826751021  -0.00462285977715429683104591  0.984449343005751465482487  -0.0227210957021827685453803  0.984756604501026148047304  -0.0223032592883746371326299  
4.27256600888211880446416  0.96457962276061894551062  -0.0599715412123439118858952  0.997267632913822045330737  -0.00568004769865398121070701  0.997619146540384486767511  -0.00496305949113712711385539  0.987297839873116446322843  -0.0245653601202493732634253  0.987554960110737666120415  -0.024109709874808305630307  
4.39822971502571053413477  0.971655589201089166782356  -0.0645025651271744736574721  0.997996193870440557549626  -0.00598338928146155806246827  0.998256242985079275491494  -0.00522666086409372373567696  0.990375785542674645634247  -0.0260665343109744307046813  0.990577716565008179394267  -0.0255785536409018410318548  
4.52389342116930226337171  0.979382603575853292045099  -0.0682844850385245593466736  0.998758579226518228180547  -0.00619407615810039992483571  0.99892253960487859535582  -0.00540913093106235108153274  0.993645062783104671035993  -0.0271930590686660230651667  0.993787219491520984547116  -0.026678999153496332541512  
4.64955712731289399304233  0.987705469047246914786505  -0.0712101605198876257823981  0.999543128066286679881281  -0.00630818524443680774351807  0.999607802612901729895963  -0.00550713253602776558180178  0.99706251029592722314376  -0.0279167866782085041072684  0.997140904647681669808329  -0.0273836684703153930282686  
4.77522083345648572271294  0.996549936821254187294637  -0.0731683725346380447139821  1.0003376709807885496439  -0.00632324205380339530134515  1.00030137737339034611963  -0.00551860474271427512457482  1.00057997926363054881291  -0.0282139164642056288411723  1.00059137129804443194867  -0.0276695073656139211150211  
4.90088453960007745238356  1.0058189091652273551656  -0.0740469075823636465358106  1.00112970714631371274995  -0.00623830115545245215014775  1.00099234548065967357559  -0.00544282708402880416797762  1.00414457848262813678165  -0.0280660292354674244361037  1.00408663965893691326359  -0.0275187874230432013926938  
5.02654824574366918162049  1.01538882702570758102562  -0.0737371398839188213762859  1.00190659731801842810724  -0.00605400542023619189888235  1.00166969418672743819508  -0.00528046473921645382232533  1.00769915345302372609252  -0.0274611833836354675625942  1.00757063532222462841955  -0.0269201632687503732111692  
5.15221195188726091129111  1.02510674443396596392485  -0.072140328543951625506073  1.00265577027654947169649  -0.00577262037022428263553613  1.00232249589273676292772  -0.00503359182292743766672614  1.01118303890911360900899  -0.0263950185189874326639661  1.01098393754872317956521  -0.0258697321904434238267964  
5.27787565803085264096173  1.03478877768270777779205  -0.069175699762420311399614  1.00336493934067130231677  -0.00539804020995079787627498  1.00294009471715288826527  -0.00470569023681859286930597  1.01453311220396360245802  -0.024871795611991334598416  1.01426481641639237515646  -0.0243720274806083385193359  
5.40353936417444437063234  1.04422077575786047124503  -0.064790120832296757021453  1.004022324649895866913  -0.00493576262116297937517125  1.0035122964782833190206  -0.00430162198426960713597798  1.01768515594395759929838  -0.0229052879869489153395658  1.01735056535923080740357  -0.0224408632781306096291591  
5.5292030703180360994356  1.0531621215321328370422  -0.0589687823355837192570474  1.00461687609480665168797  -0.00439283015586816756852667  1.00402955782995211692337  -0.00382757348230526288769375  1.02057551245365576715173  -0.0205194281151450311619176  1.02017911085432100054722  -0.0200999402242579913052158  
5.65486677646162782910622  1.0613534518508115783459  -0.0517458169142179502111249  1.00513849110019477784382  -0.00377773705018235144413065  1.00448316981888709719349  -0.00329097120751213048292505  1.02314298148546937734099  -0.0177486141376092079237087  1.02269085134534581374086  -0.0173831208369460742460544  
5.78053048260521955877683  1.06852869306909370461511  -0.0432132884885611522637981  1.00557822101636339931149  -0.00310030146840770389556237  1.0048654308395676909918  -0.00270036895482064098370986  1.0253308790457287772574  -0.014637590184368438585771  1.02483064578769448357137  -0.0143342936844681234143974  
5.90619418874881128844745  1.07443110929887074723316  -0.0335266451308894566278682  1.00592845970701306611197  -0.00237150451574912396403468  1.00516980388826655866494  -0.00206530802471556633784742  1.02708914370153114262868  -0.0112408374543794816282673  1.02654984263828249287012  -0.0110067676253740535236014  
6.03185789489240301811807  1.0788321203611210928738  -0.0229047431200804762612419  1.00618310808165598003137  -0.00160329875292808040081107  1.00539105319154800177815  -0.00139615272817342561477959  1.0283763526009589200829  -0.00762144834426565253898862  1.02780821769270487673221  -0.00746217116954675684288058  
6.15752160103599474778868  1.08155067301288249775881  -0.0116230854080828737879562  1.00633770882738584956026  -0.000808390316639517743878534  1.00552535571751262822009  -0.000703904642966091794386522  1.02916149799942970618615  -0.00384950087344343329224302  1.02857567882798766733393  -0.00376887470842900222092395  
