0  1.05379419555521710422617  1.33794715467237822004458e-22  1.11624316838365677292521  7.46342901121583008945259e-21  1.10560972475061630791553  2.71094427929110370894837e-21  1.13665368665011986225571  -1.94145799673588958612792e-21  1.01547919776116696212887  2.37658371617121572613964e-21  1.03095179201024595566638  -7.46883860293162490696465e-22  1.02176023846904350694028  -8.92941802441458123552448e-21  1.09943380600558106568055  2.30835567378876586890639e-21  1.01624843454280210563925  5.9330159215232528202325e-22  1.15300104940652878228631  -5.52745687051959727117805e-21  
0.125663706143591729535091  1.05327276450936535437744  0.00722487077269250891844608  1.11491659726729569663845  0.0165170837388431344431813  1.10437399053798022149995  0.0151336512984613365495569  1.13484065500242957066912  0.0204660845169283001743861  1.01535006891561921957366  0.00197659094046302062441063  1.03067615874833883027589  0.00403959888810072774900563  1.02157691442129568864562  0.00278785099630575001962863  1.09833974418635006860788  0.013948998850588242123165  1.01611189875989403217857  0.0020798453257587247840427  1.15101289375863226826461  0.0227490601917610486547056  
0.251327412287183459070183  1.05172456757469035871794  0.0142823609547739502025803  1.11099794827299254451093  0.0325305855206074573632118  1.10072728241930097633355  0.0297859301621437497063381  1.1295170643482052197544  0.0401387260518643680033517  1.01496519481374970457835  0.00391839713528777894920203  1.02985590962298167267905  0.00799884150869801088996631  1.02103062835663021851607  0.00552572427903895289262939  1.09510399491860909045298  0.0274970836371147946955093  1.01570501629013730884605  0.00412257638290740786358741  1.14516972482121779915252  0.0446445863624759392709147  
0.376991118430775188632379  1.04919681965960100394723  0.0210125377046929713028374  1.1046636766344247478468  0.0475730024515867687688771  1.09484386712624691981397  0.0435125568492592609555047  1.12101097790797264242349  0.0583059606016133655221169  1.01433203842802666301039  0.00579143348695141407952124  1.02851069412976632794568  0.011799936724524896233075  1.02013232170361450520685  0.00816485168965052752370389  1.08986119599266014542748  0.0402695626656722504058648  1.01503587629552935282795  0.00609196809455171503662734  1.13581693634285599281419  0.0649167178720513212396032  
0.502654824574366918140365  1.04576477276051531652493  0.0272696567555361661292206  1.09618683549596937227676  0.0612434048979440679902862  1.08699177564821340994869  0.0559372367281298209121081  1.10981321591965291723306  0.0744007683169829348187024  1.01346279439304315871627  0.00756328208236613022132609  1.02667228005212541447864  0.0153700581827105608740801  1.01889984775180130296187  0.0106588318371312751472405  1.08282107676356534353181  0.0519404732498444342281285  1.01411768088419545639969  0.0079535355063515017373741  1.12347385451846168186348  0.0829452203963797443409282  
0.628318530717958647702562  1.04152701562426271923029  0.0329276066993003121259002  1.08591001167818157794546  0.0732282443768859269068224  1.07750433809091948080504  0.0667719239946628039244093  1.09651022699778758764336  0.0880352283768826595863107  1.01237403756257276056865  0.00920379785403681132099213  1.02438317167147241817417  0.018643432035707573952597  1.01735742160230586820548  0.0129646866752282667243062  1.07424933697804150269355  0.0622485639428568406723765  1.01296834266876089876257  0.00967531119126642684727911  1.10876549852563037576632  0.098296358973186498555032  
0.753982236861550377264758  1.03659971475591025028961  0.0378836721775508500158723  1.07421493445978014308426  0.083310750166049988738818  1.06674881170747826327188  0.0758248170665385226064947  1.08171602442022369097458  0.0990038183948276203564902  1.01108625773345545172457  0.010685727033551621883295  1.02169484257052740308787  0.021563000969178818417302  1.01553489493580341321375  0.0150437767736667207449635  1.06444575580676912521412  0.0710054250626466859045056  1.01160995420203273431267  0.0112285194921507205240152  1.09235237954599654112368  0.11072868274515861887735  
0.879645943005142106772744  1.03111042232663065144286  0.0420604755419484896113505  1.06149347676951108076365  0.0913696009338945938551418  1.05509722128996435064254  0.082997181371498241733882  1.06601603671609275480765  0.107262451134658949033563  1.00962330436233584866727  0.0119852190887651655461579  1.01866572225016275253517  0.0240815972975504632145639  1.01346689531183726910857  0.0168625449314493041697884  1.0537227371966688390997  0.0780959985183657204874455  1.01006815832021465601832  0.0125881255663113844275869  1.07487132340852981993249  0.120173724851618026772783  
1.00530964914873383628073  1.02519203824685852194463  0.0454061878117486408335327  1.04812350783287916845647  0.0973692954426807632151326  1.0429029441215062934574  0.088271941388178871051905  1.04992924818780672977046  0.112893651312364860810804  1.00801176817463678425831  0.0130822198160447661504594  1.0153590818318088171519  0.0261626052421228057643515  1.01119187453166904221841  0.0183930696621046573511517  1.04238678514093042939276  0.0834728974335228705719921  1.00837145186258094451976  0.0137332459140989583006899  1.05689418698288817408289  0.126701639688112450743461  
1.13097335529232556584293  1.01897739650017830665037  0.0478932778259960477591772  1.03445137400526030217133  0.101345407768501758957735  1.03048460673578962532981  0.0916976451866047218984719  1.0338889098260476218441  0.116067841967432637979027  1.00628032751278658212153  0.0139607405045176662171207  1.01184095416563106073059  0.027780136077143889860577  1.00875111174194939472025  0.0196134223061153787443997  1.03072435821297497468563  0.0871465859531191282337081  1.00655045596830437163848  0.0146474159985068192748291  1.0389053494932276572706  0.130481732462330248586025  
1.25663706143591729540512  1.01259478675441253836629  0.0495161729094009862991391  1.02078124276578327035443  0.103387797774394187504511  1.01811717585485685707951  0.0933710794645484132465996  1.01823826211390974923968  0.117007824272941786164417  1.00445908622055999845097  0.0146090049492461818267299  1.00817820137429332394245  0.0289187745842591546025727  1.00618771469167719238413  0.0205078329587384135376717  1.01899252365702243036411  0.0891735248117675981791887  1.00463718439277966407771  0.0153187188555706546545191  1.02129488410905322698721  0.131745255346353161180362  
1.3823007675795090248589  1.00616455810003383147377  0.0502882349746726815017776  1.00737046888728548751576  0.103624184487508983826742  1.00602905143888043178624  0.0934209386990311343806036  1.00323633535211657310995  0.115960135617399000946236  1.00257892713189265972672  0.0150194820294890009099598  1.00443681314236304687008  0.029572978403350106335265  1.00354565747845136860356  0.021066680126233540854561  1.0074140470816248655022  0.0896440477774553645228927  1.00266433750024392952509  0.0157397855909412203074833  1.00436269206710161966227  0.13075457985770295855194  
1.50796447372310075452952  0.999796810345177053487055  0.0502384273633813517253872  0.99442960133145817284506  0.102205634125694356465625  0.994403523565943605580682  0.091993952330747638706154  0.989069230143959324469752  0.113174256497854484242258  1.00067090127128186600926  0.0151888162165049630766053  1.00068048693078436982978  0.0297462228991043804715577  1.00086888604241042209989  0.0212863264288456936290748  0.996176095990801307696397  0.0886712105634760631804863  1.00066464438984297781986  0.0159076839254284201378639  0.988328991073162048538406  0.127780117171878974485734  
1.63362817986669248398329  0.993590074807502304137311  0.0494079813729936180197958  0.98212554481895859311404  0.0992947244442221448339127  0.983382974160225929456235  0.0892440240226409195781979  0.975863408305317379010276  0.108888980743452797359623  0.998765668177904760815893  0.0151176715453846183864067  0.996969510987903976021937  0.0294499844145363532830692  0.998200514476766032642783  0.021168827474150732570685  0.985431572435954939771265  0.0863813218958906438749591  0.998670269659522336904919  0.015823714309835724251517  0.973347534344813863731432  0.123084591550199594031136  
1.75929188601028421354549  0.98763082440062571157758  0.0478472887188184830881046  0.970586558640514523055732  0.0950565517008174194844156  0.973074481600873573744395  0.0853243480723052494067715  0.963698772426232988627844  0.103324528866526252780106  0.996892997822352035046638  0.0148105062620560937593044  0.99335994548418044252508  0.0287026467464208509983593  0.995582126770198083296707  0.0207215432540128406376304  0.975302134806753814671391  0.0829064298778075592431629  0.996712295225424738792912  0.0154931346201635969210293  0.959519129852139615946549  0.116913408854296518423616  
1.88495559215387594310769  0.98199362713232873033347  0.0456131640030773337585266  0.959908066564855817423552  0.0896523710479574764112189  0.963555850414089690300027  0.0803821358806600717069723  0.952620341816743527389288  0.0966788565979159690956871  0.995081339813593389917023  0.0142752956654347885358507  0.989903077847339650215466  0.0275284022814438957427879  0.993053190594551138967259  0.019956681339145271666816  0.965882126732941757342454  0.0783787331334451956672479  0.994820281906324421165172  0.0149248342851693394995379  0.946904065800486409172198  0.109489628421961580722038  
2.01061929829746767256146  0.976741758810636056772122  0.0427665503104309071809655  0.950158560235833306350031  0.0832354718244443890219327  0.954881433202614612106712  0.0745554506591550528312676  0.942648047943204735773896  0.089126796827690622033926  0.993357461317416952221223  0.0135232198287194064990815  0.986645115715287281837366  0.0259562032596864208705209  0.990650582732836836334558  0.018890799184510349682407  0.957242827366572139353041  0.0729267087459687752621284  0.993021910523434516002064  0.0141309772165712223507099  0.935532801762863152434876  0.101012162561467647763839  
2.13628300444105940223208  0.971928109835315228099469  0.0393706862590727230794517  0.941385146481680288720485  0.0759488315266982120209371  0.947087388580184885234284  0.067971640649256464983166  0.933784605059819711658439  0.0808209716337387051995553  0.991746151539720145360809  0.012568331178232642155769  0.983627074257157987509717  0.0240188023536900680226375  0.988408220038720448897499  0.0175442895211807713313785  0.949436624530769569850833  0.0666726699182598382692087  0.991342698276437208444387  0.0131266304827710623829348  0.925414763786589350048114  0.0916560889691346737374834  
2.26194671058465113168585  0.967596248747800939801408  0.0354897148407320143522316  0.933618494714995866921164  0.0679241140254866848462428  0.940196216222993951135405  0.0607469206970249166394667  0.926021636237900985138063  0.0718937100161276094822211  0.990269987877373428924749  0.0114272146196981102010334  0.980884812820914919620843  0.0217519067643082586612467  0.986356785573957516889947  0.0159408686053983090038285  0.942500867023109019403933  0.0597314532634988439464135  0.989805783221812569242382  0.0119293926598375733946419  0.916545348357960177460273  0.0815742465553202073625738  
2.38761041672824286135647  0.963781535242399140818708  0.0311876911927479580539675  0.926877083953789538827046  0.0592816388282768885206004  0.93422053722103986752234  0.0529867379432922798655108  0.91934432541088110629442  0.062459457812883266387494  0.988949156925664458290745  0.010118650297541994110672  0.978449177641100416313608  0.0191934572701766757810713  0.984523536775726666714879  0.0141070824842319652713419  0.936461268052295997066717  0.0522099607314880679264073  0.988431767776078538316302  0.0105590325362678705658267  0.908911363374105945092934  0.0708995366460141777752288  
2.51327412287183459081025  0.960512203433397870227291  0.0265279348827190874983862  0.921170739977062248628366  0.0501310224577152548894364  0.929166160922144619162526  0.0447866452499497282144399  0.913734879466797873684512  0.0526173569148764452190273  0.987801322407325228379827  0.00866328637996626995049568  0.976346211424304741635389  0.0163830334986058275898368  0.982932181041821904584916  0.0120718417987136652456135  0.931334811048863515166481  0.0442073239454422128825659  0.987238611195490445510484  0.00903714560454930992700745  0.902495170792523348688406  0.0597475500701419102701989  
2.63893782901542632048086  0.957810360096772115670247  0.0215726689762040391303531  0.916503504645052142541829  0.0405722651518586572506257  0.925034514768248425419048  0.0362334836467899949326798  0.909175059084663828609489  0.0424538064695935311190322  0.986841531662994595418791  0.0070833266588420275294705  0.974597395957378392948936  0.0133613790764920030765522  0.981602803801343215409428  0.00986599126377198264365755  0.927132158647298704385632  0.0358155060083389460546632  0.986241560802863973509737  0.00738683273552499293111359  0.897277785113832495873624  0.0482192867817368516674195  
2.7646015351590180497178  0.955692861546252395480404  0.0163828900933703852990783  0.912875903440452259615754  0.0306971187832184549864668  0.921824524685911248389914  0.027406738154760280390431  0.905647995997053945353619  0.0320449104692656515621708  0.986082152503446952179246  0.00540223536590627492065542  0.973219899644471442138379  0.0101700349781348732650403  0.980551834746078103464788  0.00752191603048574452893655  0.923859593006058401601019  0.0271202002121416710790202  0.985453112183339660016656  0.00563240272614868591632455  0.893241149374769126281868  0.0364038369866577026065686  
2.89026524130260977938842  0.954172046851133515328342  0.0110184184394860179556901  0.910286683389071828414584  0.0205906226736304640459831  0.91953403024942203635838  0.0183799796744950731268225  0.903139470219957243477503  0.0214587756246169396300309  0.98553283285152365949611  0.00364445951661778012951442  0.972226807523708746181564  0.00685106589143919315383494  0.979792039218315968622519  0.0050731837596958966407428  0.921520527501158732942236  0.0182019230402345548978926  0.984882989500582403088937  0.00379909810524256654005581  0.890369770299603906400787  0.0243809616322479505831817  
3.01592894744620150905903  0.953256314846114435944489  0.00553808264904896818789544  0.908734088640450737926323  0.010332732995406768763811  0.918160807672854435614734  0.0092223410194077318307969  0.901638779469991943872013  0.0107576605968700611439258  0.985200476584774959909821  0.00183516734458297322771236  0.971627316523197193131635  0.00344686231995759496439264  0.979332523590594211161144  0.00255421846299632830125641  0.920116631468154850474316  0.00913722926981213341482142  0.984538138357527931585934  0.00191284169965640762976593  0.888651854105700733698139  0.0122235549551023648932771  
3.14159265358979323829597  0.952950538628954195734169  8.08567219673190235215772e-21  0.90821672980926579647927  1.24754068341901384394408e-20  0.91770325877401627188111  1.37741315710380382903117e-20  0.90113929660034084064002  1.3291874839945543103321e-20  0.985089230230730517317433  -6.25662926747614890496717e-21  0.971426883355352790289095  1.60284027379538916828167e-21  0.979178745670244870299547  5.58950810732322459555743e-22  0.919648604902519808121982  7.96081344771090916167706e-21  0.984422725130487755130712  -4.1952638744877827715757e-21  0.88808004736918055800534  1.68592715918398116025187e-20  
3.26725635973338496796659  0.953256314846114436107119  -0.00553808264904896819805983  0.908734088640450738143164  -0.0103327329954067687722814  0.918160807672854435614734  -0.00922234101940773183926723  0.901638779469991943600962  -0.0107576605968700611523962  0.985200476584774959692981  -0.00183516734458297322432423  0.971627316523197193402685  -0.00344686231995759495422824  0.979332523590594211106933  -0.00255421846299632828092762  0.920116631468154850203266  -0.00913722926981213340804516  0.984538138357527931802775  -0.00191284169965640759927274  0.888651854105700733481299  -0.0122235549551023648881949  
3.3929200658769766976372  0.954172046851133515328342  -0.0110184184394860179489139  0.910286683389071828739845  -0.0205906226736304640595357  0.91953403024942203641259  -0.0183799796744950731369869  0.903139470219957243911184  -0.0214587756246169396435834  0.985532832851523659604531  -0.00364445951661778012951442  0.972226807523708746235774  -0.00685106589143919315383494  0.979792039218315968514099  -0.0050731837596958966407428  0.921520527501158732779606  -0.0182019230402345549114452  0.984882989500582403143147  -0.00379909810524256652650328  0.890369770299603906563417  -0.0243809616322479505865699  
3.51858377202056842709098  0.955692861546252395371984  -0.0163828900933703853261833  0.912875903440452259290493  -0.030697118783218454993243  0.921824524685911248389914  -0.027406738154760280390431  0.905647995997053945353619  -0.0320449104692656515757233  0.986082152503446952450297  -0.00540223536590627495453673  0.973219899644471442192589  -0.0101700349781348732718165  0.980551834746078103681628  -0.00752191603048574451538403  0.923859593006058401601019  -0.0271202002121416710790202  0.985453112183339659854026  -0.00563240272614868596375839  0.893241149374769126281868  -0.0364038369866577025997924  
3.64424747816416015676159  0.957810360096772115507616  -0.0215726689762040391168006  0.91650350464505214275867  -0.0405722651518586572302969  0.925034514768248425690099  -0.0362334836467899949326798  0.909175059084663828284228  -0.0424538064695935311325847  0.98684153166299459520195  -0.00708332665884202747526039  0.974597395957378392677885  -0.0133613790764920030765522  0.981602803801343215084167  -0.00986599126377198260299996  0.927132158647298704656683  -0.0358155060083389460275582  0.986241560802863973780787  -0.00738683273552499289045601  0.897277785113832495765204  -0.0482192867817368516470907  
3.76991118430775188621537  0.960512203433397869956241  -0.0265279348827190874712811  0.921170739977062248574156  -0.0501310224577152548623314  0.929166160922144618945686  -0.0447866452499497282279924  0.913734879466797873467671  -0.0526173569148764451919222  0.987801322407325228000356  -0.0086632863799662699098381  0.976346211424304741581179  -0.0163830334986058276033893  0.982932181041821904476496  -0.0120718417987136652727185  0.931334811048863515274901  -0.0442073239454422128825659  0.987238611195490445673114  -0.00903714560454930994055998  0.902495170792523348851037  -0.0597475500701419102566464  
3.89557489045134361566915  0.963781535242399140872918  -0.0311876911927479581081776  0.926877083953789538447576  -0.059281638828276888534153  0.934220537221039867305499  -0.0529867379432922798655108  0.91934432541088110602337  -0.0624594578128832664417041  0.988949156925664457911274  -0.010118650297541994110672  0.978449177641100415825717  -0.0191934572701766757675187  0.984523536775726666769089  -0.0141070824842319652848944  0.936461268052295997066717  -0.0522099607314880679670649  0.988431767776078538316302  -0.0105590325362678706064843  0.908911363374105944930303  -0.0708995366460141777887813  
4.02123859659493534512292  0.967596248747800939801408  -0.0354897148407320143793367  0.933618494714995867138005  -0.0679241140254866848462428  0.940196216222993951460666  -0.0607469206970249166123617  0.926021636237900985138063  -0.0718937100161276094551161  0.99026998787737342908738  -0.0114272146196981102010334  0.980884812820914919837684  -0.0217519067643082586612467  0.986356785573957516618897  -0.0159408686053983089767234  0.942500867023109019783404  -0.0597314532634988439599661  0.989805783221812569188172  -0.0119293926598375733946419  0.916545348357960177622904  -0.0815742465553202073625738  
4.14690230273852707479354  0.9719281098353152282621  -0.0393706862590727231336618  0.941385146481680289045745  -0.0759488315266982120344897  0.947087388580184885017443  -0.0679716406492564650238235  0.933784605059819711495809  -0.0808209716337387051860027  0.991746151539720145143969  -0.0125683311782326422099791  0.983627074257157987563927  -0.0240188023536900679955324  0.988408220038720448734869  -0.0175442895211807713584835  0.949436624530769569796623  -0.0666726699182598382827612  0.991342698276437208986488  -0.0131266304827710623558297  0.925414763786589350102324  -0.091656088969134673778141  
4.27256600888211880446416  0.976741758810636056609492  -0.0427665503104309070996503  0.950158560235833306133191  -0.0832354718244443889677226  0.954881433202614611998292  -0.0745554506591550528041626  0.942648047943204735611266  -0.0891267968276906220881362  0.993357461317416952112803  -0.0135232198287194063906613  0.986645115715287281837366  -0.0259562032596864208705209  0.990650582732836836171927  -0.018890799184510349655302  0.957242827366572139353041  -0.0729267087459687752621284  0.993021910523434515839433  -0.0141309772165712223507099  0.935532801762863152597507  -0.101012162561467647804497  
4.39822971502571053413477  0.98199362713232873027926  -0.0456131640030773338398418  0.959908066564855817260921  -0.089652371047957476465429  0.963555850414089690245817  -0.0803821358806600717340773  0.952620341816743526955607  -0.0966788565979159691634497  0.995081339813593389754393  -0.014275295665434788644271  0.989903077847339650052836  -0.0275284022814438958783132  0.993053190594551139075679  -0.0199566813391452717752362  0.965882126732941757234034  -0.0783787331334451956401429  0.994820281906324421002542  -0.0149248342851693396079581  0.946904065800486409009568  -0.109489628421961580749143  
4.52389342116930226337171  0.98763082440062571157758  -0.0478472887188184831152096  0.970586558640514523218362  -0.0950565517008174195386257  0.973074481600873573473344  -0.0853243480723052492983513  0.963698772426232988627844  -0.103324528866526252807211  0.996892997822352035046638  -0.0148105062620560937593044  0.993359945484180442308239  -0.0287026467464208510254643  0.995582126770198083567757  -0.0207215432540128406376304  0.97530213480675381445455  -0.0829064298778075592702679  0.996712295225424738792912  -0.0154931346201635969210293  0.9595191298521396162176  -0.116913408854296518423616  
4.64955712731289399304233  0.993590074807502304462571  -0.0494079813729936180469009  0.982125544818958592951409  -0.0992947244442221448881229  0.983382974160225929564656  -0.0892440240226409195510929  0.975863408305317378956065  -0.108888980743452797386728  0.998765668177904761032733  -0.0151176715453846183864067  0.996969510987903975967727  -0.029449984414536353174649  0.998200514476766032317522  -0.021168827474150732570685  0.985431572435954939771265  -0.0863813218958906438207489  0.998670269659522336417028  -0.0158237143098357243328322  0.973347534344813863894062  -0.123084591550199594112451  
4.77522083345648572271294  0.999796810345177053487055  -0.0502384273633813518067023  0.994429601331458173170321  -0.102205634125694356465625  0.994403523565943605580682  -0.091993952330747638706154  0.989069230143959324307121  -0.113174256497854484269363  1.00067090127128186611769  -0.0151888162165049631037103  1.00068048693078436972136  -0.0297462228991043805257678  1.00086888604241042220831  -0.0212863264288456936019697  0.996176095990801307587977  -0.0886712105634760632346964  1.00066464438984297771144  -0.015907683925428420192074  0.988328991073162048809457  -0.127780117171878974539944  
4.90088453960007745238356  1.00616455810003383179903  -0.0502882349746726815288827  1.00737046888728548762418  -0.103624184487508983880952  1.00602905143888043189467  -0.0934209386990311342992884  1.00323633535211657300153  -0.115960135617399000919131  1.00257892713189265972672  -0.0150194820294890009641699  1.00443681314236304654482  -0.0295729784033501062539499  1.00354565747845136860356  -0.0210666801262335407461408  1.00741404708162486528536  -0.0896440477774553645228927  1.00266433750024393017561  -0.015739785590941220199063  1.00436269206710161966227  -0.130754579857702958524835  
5.02654824574366918162049  1.01259478675441253814945  -0.0495161729094009862991391  1.02078124276578327013758  -0.103387797774394187368986  1.01811717585485685751319  -0.0933710794645484131923895  1.01823826211390974891442  -0.117007824272941786083102  1.00445908622055999801729  -0.0146090049492461819351501  1.00817820137429332361719  -0.0289187745842591546025727  1.00618771469167719260097  -0.0205078329587384135647768  1.01899252365702243047253  -0.0891735248117675981520836  1.00463718439277966461981  -0.0153187188555706546545191  1.02129488410905322709563  -0.131745255346353161207467  
5.15221195188726091129111  1.01897739650017830665037  -0.0478932778259960478404924  1.03445137400526030217133  -0.10134540776850175898484  1.03048460673578962522139  -0.0916976451866047218713669  1.03388890982604762216936  -0.116067841967432638060342  1.00628032751278658201311  -0.0139607405045176663526459  1.01184095416563106073059  -0.027780136077143889860577  1.00875111174194939472025  -0.019613422306115378879925  1.03072435821297497468563  -0.0871465859531191282337081  1.00655045596830437131322  -0.0146474159985068193561442  1.03890534949322765694533  -0.130481732462330248586025  
5.27787565803085264096173  1.02519203824685852172779  -0.0454061878117486408335327  1.04812350783287916845647  -0.0973692954426807632151326  1.04290294412150629367424  -0.0882719413881788710248  1.04992924818780672933678  -0.112893651312364860810804  1.00801176817463678349936  -0.0130822198160447663130897  1.01535908183180881736874  -0.0261626052421228057101414  1.01119187453166904200157  -0.0183930696621046573782567  1.04238678514093042874224  -0.0834728974335228706533073  1.00837145186258094451976  -0.0137332459140989583820051  1.05689418698288817419131  -0.126701639688112450689251  
5.40353936417444437063234  1.03111042232663065155128  -0.0420604755419484895029303  1.06149347676951108054681  -0.0913696009338945938280368  1.05509722128996435064254  -0.082997181371498241760987  1.06601603671609275524133  -0.107262451134658949033563  1.00962330436233584866727  -0.011985219088765165573263  1.01866572225016275231833  -0.0240815972975504632145639  1.01346689531183726921699  -0.0168625449314493041697884  1.05372273719666883942496  -0.0780959985183657205145506  1.01006815832021465601832  -0.0125881255663113844546919  1.07487132340852982004091  -0.120173724851618026772783  
5.5292030703180360994356  1.03659971475591024985593  -0.0378836721775508500158723  1.07421493445978014286742  -0.0833107501660499888472382  1.06674881170747826316346  -0.0758248170665385226335998  1.0817160244202236905409  -0.0990038183948276204378054  1.01108625773345545161615  -0.0106857270335516219104  1.02169484257052740287103  -0.0215630009691788183630919  1.01553489493580341321375  -0.0150437767736667207178584  1.06444575580676912532254  -0.0710054250626466858774006  1.01160995420203273420425  -0.0112285194921507205240152  1.09235237954599654134052  -0.110728682745158618904455  
5.65486677646162782910622  1.04152701562426271966397  -0.0329276066993003121259002  1.08591001167818157751178  -0.0732282443768859268797174  1.07750433809091948080504  -0.0667719239946628039515143  1.09651022699778758753494  -0.0880352283768826596405208  1.01237403756257276013497  -0.00920379785403681134809718  1.02438317167147241828259  -0.018643432035707573979702  1.01735742160230586798864  -0.0129646866752282667785163  1.07424933697804150269355  -0.0622485639428568407807967  1.01296834266876089887099  -0.00967531119126642690148922  1.10876549852563037576632  -0.098296358973186498582137  
5.78053048260521955877683  1.04576477276051531674177  -0.0272696567555361661292206  1.09618683549596937238518  -0.0612434048979440679902862  1.08699177564821341027395  -0.0559372367281298209663182  1.10981321591965291723306  -0.0744007683169829348187024  1.01346279439304315882469  -0.00756328208236613022132609  1.02667228005212541469549  -0.0153700581827105608740801  1.01889984775180130252819  -0.0106588318371312751201355  1.08282107676356534396549  -0.0519404732498444342552336  1.01411768088419545661653  -0.00795353550635150171026905  1.12347385451846168175506  -0.0829452203963797443544807  
5.90619418874881128844745  1.04919681965960100427249  -0.0210125377046929713299424  1.10466367663442474762996  -0.0475730024515867687959821  1.09484386712624692003081  -0.0435125568492592609419522  1.12101097790797264231507  -0.0583059606016133654950119  1.01433203842802666322723  -0.00579143348695141406596871  1.02851069412976632816252  -0.0117999367245248962195224  1.02013232170361450542369  -0.00816485168965052756436147  1.08986119599266014477696  -0.0402695626656722503787598  1.01503587629552935239427  -0.00609196809455171505017987  1.13581693634285599292261  -0.0649167178720513212531558  
6.03185789489240301811807  1.0517245675746903585011  -0.0142823609547739502161328  1.11099794827299254505303  -0.0325305855206074573361067  1.10072728241930097589987  -0.029785930162143749679233  1.12951706434820522007966  -0.0401387260518643679762466  1.01496519481374970446993  -0.00391839713528777894920203  1.02985590962298167300431  -0.00799884150869801090351884  1.02103062835663021873291  -0.00552572427903895289262939  1.09510399491860909121192  -0.0274970836371147946548517  1.01570501629013730873763  -0.00412257638290740787713994  1.1451697248212177995862  -0.0446445863624759392438096  
6.15752160103599474778868  1.0532727645093653547027  -0.00722487077269250889134103  1.11491659726729569631319  -0.0165170837388431343686424  1.10437399053798022106627  -0.0151336512984613364953468  1.1348406550024295705607  -0.020466084516928300120176  1.01535006891561921935681  -0.00197659094046302061763436  1.03067615874833883060115  -0.00403959888810072776255816  1.02157691442129568886246  -0.00278785099630575001962863  1.09833974418635006839104  -0.0139489988505882420825074  1.01611189875989403261225  -0.00207984532575872479759523  1.15101289375863226826461  -0.0227490601917610485801667  
