0  1.96277073286413709463181  0  1.79673884803842373060739  6.41039580103640695366716e-22  1.19423345948506806255517  3.94349812494045455516387e-21  1.63405913803041968619233  1.68066637773285752539891e-21  1.56748187782081403057483  3.88959317748706045974607e-21  1.35333314733394436291548  -5.70405896751342526357567e-21  
0.125663706143591729535091  1.90867559100270779628029  0.247072195758228237385981  1.76079690571778227923053  0.188072964307610507959782  1.19130526454073440640376  0.0304362697224282866543372  1.6079747026432288509179  0.144153900323594251942257  1.54976597659230687798609  0.116466858639526559276881  1.34657300044483198536282  0.0605231467215427436755616  
0.251327412287183459070183  1.77462817378325182608462  0.434216210971813226570997  1.66750415823505048439328  0.34018885370830105935769  1.18276012520573410536848  0.0594394695950009061414642  1.5392455337624673434747  0.263297044174879011930318  1.50109450560460076578521  0.218449226314082910514009  1.32710011779936599193158  0.117096220851686469213433  
0.376991118430775188632379  1.6126287888502026619331  0.545722909119143711120445  1.5467939960261785998976  0.441919207505173766345734  1.16926630526027214523974  0.0857682038644262417120042  1.44825056646203512080318  0.346153918509919330777965  1.43210397497663471802834  0.297216677264146389252347  1.29709366926844925078759  0.166534395450669805315751  
0.502654824574366918140365  1.457462188272876941488  0.597548477708284514508304  1.42328146412684527675162  0.498432924443990511554877  1.1517901779818851898873  0.108509574833277375210299  1.35293249658179962578979  0.395003324500743616337975  1.35416132155280109663868  0.351091357559212349564656  1.2595075450163150294642  0.206875228984578583087042  
0.628318530717958647702562  1.32230640170159491136263  0.61072416625151106138545  1.30978281538722957783039  0.521826729768910342740704  1.13143164388261506904734  0.127132450435757301398934  1.26354798015208119306516  0.417884318411293165750325  1.27579030621446337353045  0.383029122704298028725088  1.21741001519740668624075  0.237421407218592337616753  
0.753982236861550377264758  1.20891440273919227837551  0.600878330627574203917553  1.21062851239965056497107  0.523234811975807741809674  1.10927421896454096131735  0.141462706547120806497122  1.18413916943268821945889  0.422892590516835862186592  1.20199130698599905228436  0.39766786021793378442515  1.17349776984455651134866  0.258479582321563312538332  
0.879645943005142106772744  1.11498068884271820755492  0.577837389739224747161987  1.12596852755914052463069  0.510736238583540673083815  1.0862798732139116080278  0.151608715507555562860328  1.11535727197995602382255  0.416220887074379400100838  1.13506914945775781635579  0.399517275557093702001866  1.12986260970500491181319  0.270987326823533206630878  
1.00530964914873383628073  1.03733977379319826156098  0.547471110207867345362649  1.05436534591817927602412  0.489689585865809418632711  1.06323541194712139329979  0.157869675361210065058729  1.05641081163612205850565  0.402114927847633309393287  1.07568659531214057907458  0.392266326228211769061409  1.08796315185647012762412  0.27617502039459131200471  
1.13097335529232556584293  0.9730441734364795832498  0.513256235566382201828458  0.99398989281410400316915  0.463535525232768349119259  1.0407410580420332611197  0.160650847260986243841309  1.00606117867054388177826  0.383356473435242983260202  1.02364750749680124544336  0.378697473131170570448054  1.0487118372536917358228  0.2753255136260834423775  
1.25663706143591729540512  0.919626873334434108615311  0.477261633644227103442448  0.943088799281214110572027  0.434463926516122206182829  1.01922595559906540988501  0.160397639482708243875708  0.963051285907720731936741  0.361738842440645822433982  0.978370408579350940537437  0.360826474067073392211318  1.01260220269053569466279  0.269633292786462626681662  
1.3823007675795090248589  0.875096864883918845181513  0.440722070690062899374568  0.90013223689947938015686  0.403866877690044755102195  0.998976578993112568729314  0.157550883739420674530029  0.92626018809835392259569  0.338414553768525934733698  0.939143858428493401671079  0.340084311201978380448385  0.97983248925874938492931  0.260138725263118261515297  
1.50796447372310075452952  0.837865286405357953167759  0.404368451876342648384924  0.863835959396195895770507  0.372627007038464227165657  0.980168247876932652816722  0.152520359295366890955243  0.894739871748259578897958  0.314125314800278021630086  0.905252891976142983138445  0.317475907449911769848613  0.950407150480209605633575  0.247709742987200749167378  
1.63362817986669248398329  0.806665984122648080302965  0.368620664187989000243686  0.833139631203743307461332  0.341298099265174360785347  0.962894231702707788407569  0.145671811963795423615592  0.867706809641860166983866  0.289348629218391262550624  0.87603577002156180977702  0.293701743515790467283205  0.924212691427310005227828  0.233049388043098162280565  
1.75929188601028421354549  0.780487748921544184285953  0.333702979170064381440495  0.807173885706993023939244  0.310218838694554179208438  0.947190082368468627932283  0.137322894526385557383398  0.844519445437901021382383  0.264390325927516179347135  0.85090515615892813223748  0.269246135443863535190384  0.901070908853154409591871  0.216715130348734660712577  
1.88495559215387594310769  0.758520517140930221561355  0.299714962235246138100775  0.785227953120153914434113  0.279585465046380888306382  0.933052734263426211008298  0.127744429246536234906603  0.82465401222316840683076  0.239443155010190337041512  0.829352044284692463556839  0.244439892347759956851101  0.880774555271061381032244  0.1991418102606589838531  
2.01061929829746767256146  0.740113679316429841207638  0.266676099150260460839612  0.766721536801231847747806  0.249498974862995130126865  0.920454858164702363404128  0.117164479543248073605574  0.807683034853444595756438  0.21462428176079374422423  0.810941899742822576186308  0.219504479594407212074544  0.863110267361473293206645  0.180663997987988893590187  
2.13628300444105940223208  0.724743973114343102411104  0.234554424646548954330586  0.751181556452522907439684  0.219996285601727527584878  0.90935530832529752257162  0.105773626265614421421103  0.793257584729744221179598  0.189999618151402405180498  0.795307764053357349183331  0.194583171326912163454103  0.847872686735426615357077  0.161535904358063122041055  
2.26194671058465113168585  0.711990746720875498541273  0.203285132226974711613086  0.738223342017533244372157  0.191071092298504306594589  0.899706538265750576115112  0.0937305048733098070747353  0.781093127906591086571497  0.165599866145542936858798  0.782142636695920004548648  0.169763127974760283524875  0.83487270171285046126879  0.141948257970103953798098  
2.38761041672824286135647  0.701516863876644293572353  0.172782751771155604437265  0.727535601325944035412847  0.162687967708458102627286  0.891459756192385817104122  0.0811671000129485387000836  0.770958431878447253003846  0.141431274622409915327215  0.771192209966567248432146  0.145091144199158996047085  0.823941888796959218935114  0.122042204718984257062417  
2.51327412287183459081025  0.693053954209284116727476  0.142949113431467299449259  0.718868499475380043264167  0.134791955560489798819916  0.884568442658148191626907  0.0681935682454404356350633  0.762666954510417358786833  0.117482975757621942611785  0.762248414495489701138073  0.120584966021499588622505  0.814934583297349558425084  0.101920567724915905453195  
2.63893782901542632048086  0.686391050122846741257405  0.113678509394862192529991  0.712024286167246386295045  0.107315115639030463282728  0.878990707719118819689439  0.0549025206728449791798718  0.756070212089368629861108  0.0937320765383813765626777  0.75514393117516368045955  0.0962414931940455104942959  0.807728540453581046808067  0.0816568989202579114495629  
2.7646015351590180497178  0.681365904440462552430022  0.0848609747688000223763099  0.706850018356974311463641  0.0801809888108941796244084  0.874690840731885697119808  0.0413727858843696992330102  0.751052724321036241480944  0.0701472591935235086001653  0.749747684562106971224455  0.0720427872672076344132738  0.802224822425972058470393  0.0613027550529567596473166  
2.89026524130260977938842  0.67785847153287230696132  0.0563843031610857981327629  0.703232026848252000299049  0.0533076398891169559993077  0.871640307107034888905485  0.0276727186398894370292678  0.74752822981260075985285  0.0466913844401176792345384  0.745961273828098731203222  0.0479605385767218688023187  0.798347324523170957842957  0.0408935936493957462702434  
3.01592894744620150905903  0.675786177116373591212701  0.0281352184186651710454683  0.701091861896710673654216  0.0266097372437582543540206  0.869818370493237441284148  0.0138631398069898779490898  0.745436946732822786792268  0.0233234303729022599854277  0.743716279498888514179911  0.0239594655550110524034019  0.79604220499884364997548  0.0204536361820840769840894  
3.14159265358979323829597  0.675100712387699837882526  3.6387218786904830462717e-20  0.70038352570618949717975  3.40764964111685701864528e-20  0.869212461514686506123401  1.93143230831781743781066e-20  0.744743719545914761945987  2.8218770517125676157232e-20  0.74297238685700844228665  3.14986975108141055340295e-20  0.795277383320576494751299  2.62399619192746024627259e-20  
3.26725635973338496796659  0.675786177116373591212701  -0.0281352184186651710657971  0.701091861896710673654216  -0.0266097372437582543743494  0.869818370493237441229938  -0.0138631398069898779626424  0.745436946732822786683848  -0.0233234303729022599972862  0.743716279498888514125701  -0.0239594655550110524169544  0.796042204998843649812849  -0.0204536361820840769891716  
3.3929200658769766976372  0.67785847153287230696132  -0.0563843031610857981497035  0.703232026848252000082208  -0.0533076398891169559959196  0.871640307107034888742855  -0.0276727186398894370360441  0.74752822981260075996127  -0.0466913844401176792616435  0.745961273828098731257432  -0.0479605385767218688226475  0.798347324523170957842957  -0.0408935936493957462770196  
3.51858377202056842709098  0.681365904440462552430022  -0.0848609747688000223424286  0.706850018356974311463641  -0.0801809888108941795837508  0.874690840731885697282438  -0.0413727858843696992262339  0.751052724321036241318314  -0.0701472591935235085527315  0.749747684562106971441296  -0.0720427872672076344064975  0.802224822425972058470393  -0.0613027550529567596100471  
3.64424747816416015676159  0.686391050122846741420035  -0.113678509394862192645188  0.712024286167246386403465  -0.107315115639030463377595  0.878990707719118819906279  -0.0549025206728449792408582  0.756070212089368630023738  -0.0937320765383813766507691  0.75514393117516368062218  -0.0962414931940455105823873  0.807728540453581046862277  -0.0816568989202579115105492  
3.76991118430775188621537  0.693053954209284116727476  -0.142949113431467299476364  0.718868499475380043209956  -0.134791955560489798833469  0.884568442658148191626907  -0.0681935682454404356350633  0.762666954510417358786833  -0.117482975757621942618561  0.762248414495489701029653  -0.12058496602149958864961  0.814934583297349558641924  -0.101920567724915905493852  
3.89557489045134361566915  0.701516863876644293572353  -0.17278275177115560446437  0.727535601325944035412847  -0.162687967708458102654391  0.891459756192385816887282  -0.0811671000129485387000836  0.770958431878447253058056  -0.141431274622409915340767  0.771192209966567248540566  -0.145091144199158996101295  0.823941888796959218935114  -0.122042204718984257103074  
4.02123859659493534512292  0.711990746720875498541273  -0.203285132226974711599533  0.738223342017533244426367  -0.191071092298504306608142  0.899706538265750576115112  -0.0937305048733098070340777  0.781093127906591086571497  -0.165599866145542936858798  0.782142636695920004711279  -0.169763127974760283524875  0.834872701712850461106159  -0.141948257970103953784545  
4.14690230273852707479354  0.724743973114343102411104  -0.234554424646548954357691  0.751181556452522907439684  -0.219996285601727527611983  0.909355308325297522408989  -0.105773626265614421434655  0.793257584729744221125388  -0.18999961815140240519405  0.795307764053357349183331  -0.194583171326912163481208  0.847872686735426615302867  -0.161535904358063122041055  
4.27256600888211880446416  0.740113679316429841207638  -0.266676099150260460839612  0.766721536801231847910437  -0.249498974862995130181076  0.920454858164702363295707  -0.117164479543248073632679  0.807683034853444595756438  -0.21462428176079374422423  0.810941899742822576240518  -0.219504479594407212088097  0.863110267361473293098225  -0.180663997987988893576634  
4.39822971502571053413477  0.758520517140930221561355  -0.299714962235246138209195  0.785227953120153914325693  -0.279585465046380888414802  0.933052734263426211062508  -0.127744429246536234947261  0.824654012223168406776549  -0.239443155010190337122827  0.829352044284692463665259  -0.244439892347759956986626  0.880774555271061381086454  -0.199141810260658983961521  
4.52389342116930226337171  0.780487748921544184285953  -0.333702979170064381440495  0.807173885706993023939244  -0.310218838694554179208438  0.947190082368468628040703  -0.137322894526385557383398  0.844519445437901021382383  -0.264390325927516179347135  0.85090515615892813223748  -0.269246135443863535190384  0.901070908853154409537661  -0.216715130348734660699025  
4.64955712731289399304233  0.806665984122648080302965  -0.368620664187989000297897  0.833139631203743307569752  -0.341298099265174360893767  0.962894231702707788461779  -0.145671811963795423656249  0.867706809641860166929656  -0.289348629218391262577729  0.87603577002156180972281  -0.293701743515790467283205  0.924212691427310005227828  -0.233049388043098162334775  
4.77522083345648572271294  0.83786528640535795333039  -0.404368451876342648520449  0.863835959396195895770507  -0.372627007038464227219867  0.980168247876932653033562  -0.152520359295366891009453  0.894739871748259579006379  -0.314125314800278021738506  0.905252891976142983246865  -0.317475907449911769902823  0.950407150480209605850415  -0.247709742987200749302903  
4.90088453960007745238356  0.875096864883918845235723  -0.440722070690062899428778  0.900132236899479380211071  -0.403866877690044755156405  0.998976578993112568675104  -0.157550883739420674448713  0.92626018809835392243306  -0.338414553768525934706593  0.939143858428493401779499  -0.340084311201978380502595  0.9798324892587493848751  -0.260138725263118261515297  
5.02654824574366918162049  0.919626873334434108723731  -0.477261633644227103496658  0.943088799281214110680448  -0.434463926516122206237039  1.01922595559906540988501  -0.160397639482708243929918  0.963051285907720732207792  -0.361738842440645822542402  0.978370408579350940537437  -0.360826474067073392211318  1.01260220269053569477121  -0.269633292786462626790082  
5.15221195188726091129111  0.97304417343647958330401  -0.513256235566382201882668  0.99398989281410400322336  -0.463535525232768349146364  1.0407410580420332611197  -0.160650847260986243841309  1.00606117867054388188668  -0.383356473435242983314412  1.02364750749680124544336  -0.378697473131170570475159  1.04871183725369173571438  -0.275325513626083442404605  
5.27787565803085264096173  1.03733977379319826177782  -0.547471110207867345471069  1.05436534591817927602412  -0.489689585865809418578501  1.06323541194712139362506  -0.157869675361210065004519  1.05641081163612205861407  -0.402114927847633309501707  1.075686595312140579183  -0.392266326228211769088514  1.08796315185647012784096  -0.27617502039459131205892  
5.40353936417444437063234  1.11498068884271820777176  -0.577837389739224747216197  1.12596852755914052484753  -0.510736238583540673138025  1.08627987321391160824464  -0.151608715507555562833223  1.11535727197995602360571  -0.416220887074379399992417  1.13506914945775781657263  -0.399517275557093702028971  1.12986260970500491181319  -0.270987326823533206522458  
5.5292030703180360994356  1.20891440273919227815867  -0.600878330627574203863343  1.21062851239965056497107  -0.523234811975807741863884  1.10927421896454096120893  -0.141462706547120806470016  1.18413916943268821945889  -0.422892590516835862267907  1.20199130698599905239278  -0.397667860217933784533571  1.17349776984455651124024  -0.258479582321563312592543  
5.65486677646162782910622  1.32230640170159491136263  -0.61072416625151106138545  1.30978281538722957804723  -0.521826729768910342849124  1.13143164388261506893892  -0.127132450435757301398934  1.26354798015208119295674  -0.417884318411293165696115  1.27579030621446337385571  -0.383029122704298028833508  1.21741001519740668624075  -0.237421407218592337589648  
5.78053048260521955877683  1.457462188272876941488  -0.597548477708284514508304  1.4232814641268452766432  -0.498432924443990511500667  1.1517901779818851898873  -0.108509574833277375210299  1.35293249658179962600663  -0.395003324500743616392185  1.35416132155280109663868  -0.351091357559212349564656  1.2595075450163150294642  -0.206875228984578583059937  
5.90619418874881128844745  1.61262878885020266214994  -0.545722909119143710957815  1.5467939960261786004397  -0.441919207505173766291524  1.16926630526027214513132  -0.0857682038644262416848991  1.4482505664620351214537  -0.346153918509919330723755  1.43210397497663471791992  -0.297216677264146389035506  1.29709366926844925089601  -0.166534395450669805193778  
6.03185789489240301811807  1.77462817378325182684357  -0.434216210971813226218632  1.66750415823505048493539  -0.340188853708301059005324  1.18276012520573410536848  -0.0594394695950009059923864  1.53924553376246734412523  -0.263297044174879011686373  1.50109450560460076611047  -0.218449226314082910283616  1.32710011779936599204  -0.117096220851686469050803  
6.15752160103599474778868  1.90867559100270779660555  -0.247072195758228236654144  1.76079690571778227923053  -0.188072964307610507349918  1.19130526454073440618692  -0.0304362697224282865255882  1.60797470264322885156842  -0.144153900323594251522128  1.54976597659230687798609  -0.11646685863952655889741  1.34657300044483198568808  -0.0605231467215427434926025  
