0  1.27565949147862243051761  -3.39112895189644421512376e-21  1.05726754127873532880348  -1.45291242774466678724688e-20  1.0557025460175666157223  -1.33584870317940094638763e-20  1.28836493444802158831169  1.11524924623770216825213e-20  1.24879789451251675051584  1.16796407568724970016861e-20  1.05535184164189262871845  -1.25552767897987300621549e-20  
0.15707963267948966192564  1.2663648821730020601348  0.0612822398556471543550495  1.05641494447853285100318  0.00954319223822275663582197  1.05487773929156164942275  0.00926543759394270451871904  1.27927674028427865269165  0.0625063061143035783519435  1.24155296111691506905257  0.0524158333723648363659201  1.05452953223503849736978  0.00921711000403895475575206  
0.314159265358979323851281  1.24058259137279077528784  0.11527842311170144972126  1.05389627003731050096293  0.0187518740735053883537508  1.05244059109119211413083  0.0182091942788021866038179  1.25388278164843262006949  0.118188898245665186974079  1.22113178384811002302138  0.0996890274341349077807332  1.05210013032565929882046  0.0181123041707653095223896  
0.471238898038468985776921  1.20345792143926064762371  0.157281930152860462373936  1.04982510698159386237308  0.027313187687300750141348  1.04849941430971630080583  0.0265300053740746018379661  1.21684338035160432938114  0.162444322808537654516045  1.19088395671827618378658  0.138159254547537781149897  1.04817263101076549943087  0.0263843731773657977216548  
0.628318530717958647702562  1.16079492341895814473598  0.18595463191007312737631  1.04437893672735443093003  0.0349546504880779789988833  1.04322368820946405224091  0.0339647361342786131138682  1.1735914036201911702555  0.193672750986381543163205  1.15488761889567121462358  0.166270693407120035713607  1.04291740718857843214003  0.0337707335432594517375497  
0.785398163397448309628202  1.11726373608653603141262  0.202428949625256333530975  1.03778361220997894075885  0.0414577041964535689957342  1.03682953216166935704948  0.0403013103033046568546803  1.12870626405979236162123  0.212620299322516276529756  1.1167909936933953536772  0.184253158715330502947366  1.03655139819832552204679  0.0400604229241504518745174  
0.942477796076937971553843  1.07584338816721686966308  0.208950820668819342275585  1.03029543391209916667825  0.0466649779816063548019793  1.02956285762542559477934  0.0453857970220300099991294  1.08529470717159817478702  0.221225208199087482836484  1.07925896878587918655164  0.193380581055674788631786  1.02932098932514352798012  0.0451011072523175233822592  
1.09955742875642763342527  1.03806922246636444348306  0.207902076546365875638111  1.02218337384842387850683  0.0504813637101348016463908  1.02168255955355244998361  0.0491237063637559324947267  1.04510892269452452271825  0.221705073551619768833882  1.04394440548983420051325  0.195298400852998758415232  1.02148501009729207838865  0.0488001850675498854916119  
1.25663706143591729540512  1.00451310143032724025297  0.201337173222185386004153  1.01371348464315694703954  0.0528699616692055390050273  1.01344565654542444795971  0.0514764340968622450081006  1.00893497622181367351282  0.216070455025468308884627  1.01170971794285136200094  0.191607484888202458825314  1.01329979460663153556857  0.0511209885244983675001151  
1.41371669411540695738497  0.975198969483751372110299  0.190859376635026951315793  1.00513673806263713187727  0.053844486109172485041206  1.00509557348551273412568  0.0524543034173758274780423  0.976968885307555392713032  0.205954835208957077132452  0.982890689227070036616297  0.183677922935028887276845  1.00500749601102588024794  0.0520755886886177679986638  
1.5707963267948966192564  0.949881788891402086113993  0.17765414154448782166004  0.996680727178274653802349  0.0534598152757344210474991  0.996854016362332291775923  0.0521077621227337125305208  0.949088740375981776951648  0.192609611865968718350927  0.957510960923999871732739  0.172603768158401609211479  0.996828077547987018722578  0.0517158074848585963100966  
1.72787595947438628112783  0.928211076756333199467945  0.162571805351953549220062  0.988545022444983305528153  0.0518021445596828564574086  0.988916286303440373532236  0.0505181051225609744964248  0.925025239457603217353536  0.176962531834336973731456  0.935429364892432675562643  0.159224557320360548393263  0.988954788621164275616224  0.0501238272876349650838436  
1.88495559215387594310769  0.909818107298691008174435  0.146211601356211655237168  0.980899570892241932462772  0.0489798105609507898692417  0.981449493921617773265972  0.0477887434338163258080306  0.904459277083492869107103  0.159688707035701498338116  0.916431580276541758863992  0.144169719081403158880239  0.981552550411545584067505  0.047403419658425717672038  
2.04203522483336560497912  0.894358273092754654603163  0.128991059126897304981489  0.973885358041505192860758  0.0451154348634978914029878  0.974592961260674947804664  0.0440376567959620308792892  0.887073827417865593610458  0.141274105903398991912023  0.900283260452611522480469  0.127904853706858330676535  0.974758511254187276712582  0.0436724169131767226965761  
2.19911485751285526685055  0.881529006603330679103618  0.111198592045949831117217  0.967616554810063025145878  0.0403396766326630863729649  0.968460086679080923868865  0.0393913304648136863953282  0.87257934991201187979867  0.122066177741545966157588  0.886758924637645877422747  0.110771837173334774921413  0.968684032053382055649834  0.0390567075755647549376677  
2.35619449019234492893882  0.8710752076460336793093  0.0930317550717514979668858  0.962183475749450676020851  0.0347866202556788964609606  0.963141034672095427808265  0.0339802254238342826760414  0.860724703019926669475461  0.102312159040423085844609  0.875656520938111461622999  0.0930208928563417830479498  0.963417459286913180230381  0.0336857855090907154559186  
2.51327412287183459081025  0.862788780409527102327558  0.0746245842095868318214272  0.957655820607716882315527  0.0285906595450993544321435  0.958705742712389922090613  0.027935669476362026778524  0.851300560417674592500643  0.0821873974994688465863239  0.86680393647827785083386  0.0748352805159390240487727  0.959027180728354828090874  0.0276897244128252981480113  
2.67035375555132425268168  0.856505788651859076700094  0.0560670620037773865282187  0.954085817813965300854609  0.0218846555893690475396102  0.955206872143400683274408  0.0213879699358887035727907  0.844139250168905327714394  0.061816179162071051900781  0.860061230043997502385869  0.0563500195536160816117536  0.95556459814113618001603  0.0211973676717845340062869  
2.82743338823081391476995  0.852103029672640808003543  0.0374190884465981845412286  0.951511014044311985904303  0.0147991170275718306959738  0.952682448228475055036595  0.0144655156050090549373121  0.83911315176239468659105  0.0412871667657575922755523  0.855320783466813745711185  0.0376661106972384341418428  0.953066770731433334916827  0.0143354954677288577054848  
2.98451302091030357664138  0.849494916383562707938928  0.0187207237185412287510907  0.949956550368928860704314  0.0074621567480371104320023  0.951158026818376076464128  0.00729463573526009135077866  0.836132784695308738315625  0.0206650976747129676202512  0.852506616896930822417991  0.0188615255004494351468949  0.951558575144151609886533  0.00722873512733754007688952  
3.14159265358979323851281  0.848631085632692473512666  -6.03343985596342516585288e-21  0.949436833016205620008627  2.59206507599194742938546e-21  0.950648291231629032624947  1.27856187698845819581318e-22  0.835145174210065925439733  -3.99989034664734353773892e-21  0.851573556036751811186211  -5.18931715266019380946995e-21  0.951054292520676138337956  9.51062961721786268157698e-21  
3.29867228626928290060108  0.849494916383562708209979  -0.0187207237185412287968305  0.949956550368928860595893  -0.00746215674803711042522604  0.951158026818376076355708  -0.00729463573526009134739053  0.836132784695308738478255  -0.0206650976747129676626028  0.852506616896930822797462  -0.0188615255004494351994109  0.951558575144151609940743  -0.00722873512733754007350139  
3.45575191894877256225567  0.852103029672640807786702  -0.037419088446598184551393  0.951511014044311985687463  -0.0147991170275718306959738  0.952682448228475054819754  -0.0144655156050090549373121  0.839113151762394686265789  -0.0412871667657575922823286  0.855320783466813745494345  -0.0376661106972384341520072  0.953066770731433334916827  -0.0143354954677288577258136  
3.61283155162826222434394  0.856505788651859076374834  -0.0560670620037773865146661  0.954085817813965300854609  -0.0218846555893690475396102  0.955206872143400683220198  -0.0213879699358887035998958  0.844139250168905327551764  -0.0618161791620710518736759  0.860061230043997502494289  -0.0563500195536160816117536  0.95556459814113617990761  -0.0211973676717845340198394  
3.76991118430775188621537  0.862788780409527102598609  -0.0746245842095868318349797  0.957655820607716881881846  -0.028590659545099354445696  0.958705742712389922361663  -0.027935669476362026778524  0.851300560417674592500643  -0.0821873974994688465931002  0.866803936478277850617019  -0.0748352805159390240623252  0.959027180728354828253505  -0.0276897244128252981344588  
3.9269908169872415480868  0.871075207646033679634561  -0.0930317550717514980346485  0.962183475749450675858221  -0.0347866202556788965016181  0.963141034672095428025105  -0.0339802254238342826624889  0.860724703019926669746512  -0.102312159040423085892043  0.875656520938111461731419  -0.0930208928563417830750549  0.963417459286913180447221  -0.0336857855090907154559186  
4.08407044966673120995823  0.881529006603330679266248  -0.111198592045949831103664  0.967616554810063024929037  -0.0403396766326630864000699  0.968460086679080923706235  -0.0393913304648136864359858  0.87257934991201187963604  -0.122066177741545966103378  0.886758924637645877205906  -0.110771837173334774921413  0.968684032053382055649834  -0.0390567075755647549241151  
4.24115008234622087226334  0.894358273092754654603163  -0.128991059126897305089909  0.973885358041505192372867  -0.045115434863497891511408  0.974592961260674947804664  -0.0440376567959620309877095  0.887073827417865593502038  -0.141274105903398991993338  0.900283260452611522534679  -0.127904853706858330784956  0.974758511254187276766792  -0.0436724169131767228049963  
4.39822971502571053370109  0.909818107298691008066015  -0.146211601356211655210063  0.980899570892241932625402  -0.0489798105609507898692417  0.981449493921617773103342  -0.0477887434338163258080306  0.904459277083492868673422  -0.159688707035701498229696  0.916431580276541758647152  -0.144169719081403158920896  0.981552550411545583959085  -0.047403419658425717672038  
4.5553093477052001960062  0.928211076756333199576365  -0.162571805351953549179404  0.988545022444983305636573  -0.0518021445596828563218833  0.988916286303440373694866  -0.0505181051225609745506349  0.925025239457603217461956  -0.176962531834336973663693  0.935429364892432675454223  -0.159224557320360548366158  0.988954788621164275399383  -0.0501238272876349650296335  
4.71238898038468985787763  0.949881788891402085951363  -0.177654141544487821646487  0.996680727178274653639718  -0.0534598152757344210746042  0.996854016362332291667503  -0.0521077621227337125305208  0.949088740375981776951648  -0.192609611865968718337374  0.957510960923999871786949  -0.172603768158401609184374  0.996828077547987018722578  -0.0517158074848585963372016  
4.86946861306417951974906  0.975198969483751372164509  -0.190859376635026951342898  1.00513673806263713198569  -0.053844486109172485041206  1.00509557348551273401726  -0.0524543034173758274238322  0.976968885307555392496191  -0.20595483520895707706469  0.982890689227070036562087  -0.183677922935028887276845  1.00500749601102588013952  -0.0520755886886177680528739  
5.02654824574366918162049  1.00451310143032724003613  -0.201337173222185385977048  1.01371348464315694703954  -0.0528699616692055390050273  1.01344565654542444828497  -0.0514764340968622449809956  1.0089349762218136734044  -0.216070455025468308911732  1.01170971794285136189252  -0.191607484888202458879524  1.01329979460663153567699  -0.0511209885244983675001151  
5.18362787842315884349192  1.03806922246636444348306  -0.2079020765463658755839  1.02218337384842387818157  -0.0504813637101348016192857  1.02168255955355245009203  -0.0491237063637559324676216  1.04510892269452452260983  -0.221705073551619768833882  1.04394440548983420040483  -0.195298400852998758415232  1.02148501009729207849707  -0.0488001850675498854374018  
5.34070751110264850536336  1.07584338816721686944624  -0.208950820668819342221375  1.03029543391209916656983  -0.0466649779816063549103995  1.0295628576254255945625  -0.0453857970220300099991294  1.0852947071715981746786  -0.221225208199087482809379  1.0792589687858791863348  -0.193380581055674788577576  1.02932098932514352776328  -0.0451011072523175233551541  
5.49778714378213816723479  1.11726373608653603119577  -0.202428949625256333585185  1.03778361220997894065043  -0.0414577041964535689957342  1.03682953216166935683264  -0.0403013103033046568275753  1.12870626405979236151281  -0.212620299322516276475546  1.11679099369339535346036  -0.184253158715330502893156  1.03655139819832552237205  -0.0400604229241504519287275  
5.6548667764616278295399  1.16079492341895814419388  -0.185954631910073127294995  1.04437893672735443093003  -0.0349546504880779791344086  1.04322368820946405224091  -0.0339647361342786131409733  1.17359140362019116993024  -0.19367275098638154302768  1.15488761889567121451516  -0.166270693407120035822028  1.04291740718857843214003  -0.0337707335432594517917598  
5.81194640914111749097765  1.20345792143926064719003  -0.157281930152860462373936  1.0498251069815938624815  -0.027313187687300750141348  1.04849941430971630091425  -0.0265300053740746019463864  1.21684338035160432894746  -0.16244432280853765454315  1.19088395671827618313605  -0.138159254547537781122792  1.04817263101076549899719  -0.0263843731773657978571801  
5.96902604182060715328276  1.24058259137279077496258  -0.11527842311170144977547  1.05389627003731050107135  -0.018751874073505388462171  1.05244059109119211413083  -0.018209194278802186658028  1.25388278164843262017791  -0.118188898245665187001184  1.2211317838481100225877  -0.0996890274341349078620483  1.0521001303256592984952  -0.0181123041707653095494946  
6.12610567450009681515419  1.26636488217300205970112  -0.0612822398556471543143919  1.05641494447853285122002  -0.00954319223822275670358461  1.05487773929156164942275  -0.00926543759394270455937662  1.27927674028427865334217  -0.0625063061143035784739163  1.24155296111691506948625  -0.0524158333723648363659201  1.05452953223503849747821  -0.00921711000403895474219953  
