0  1.00913095351329506479347  1.52729538236138999254929e-20  1.0774209988698389846816  6.6424578033561622308159e-21  1.00161907562550278767959  1.67625473813302400010517e-20  1.00492454248509613162679  1.75339779292429519208241e-20  
0.15707963267948966192564  1.00901389632029653861504  0.00144752141223185177692232  1.0761014580793901584824  0.0135086325204387346202205  1.00159899775105511393961  0.000253879443302207171069031  1.00486257144999138301699  0.000775925436487950034110308  
0.314159265358979323851281  1.00866608401585839955954  0.00285647817170244809940015  1.07222827616540050904657  0.0264212768204382896484756  1.00153927276707829525492  0.000501418010274225036163563  1.00467831913749201366154  0.00153190732889952101680123  
0.471238898038468985776921  1.00809745979904156370274  0.00418956230310727829099088  1.06604487941025028103267  0.0382006072211166326302659  1.00144141264461106872151  0.000736439833878626252559527  1.00437671304130754252205  0.00224857844020603716834843  
0.628318530717958647702562  1.00732415656047710251532  0.00541191327128387220470919  1.05791767058932053473599  0.0484143298850792681018232  1.00130789133390555938844  0.000953094108857357541703462  1.00396578560347760013163  0.00290770088321090039874123  
0.785398163397448309628202  1.00636787079178786018761  0.00649218316026277966713717  1.0482882886392613113781  0.0567613193227654387997341  1.00114207744511997855066  0.0011460054456858154723134  1.00345641403287811233448  0.00349267426542669516390839  
0.942477796076937971553843  1.0052550471897705382544  0.00740342816966908288489439  1.03762433106329138700428  0.063076019099803789841243  1.000948143270228549097  0.00131041019877263707434957  1.00286197490922563010061  0.00398898037883596234495255  
1.09955742875642763342527  1.00401592643912762256846  0.00812379356978082202748147  1.02637764873024065533785  0.0673151804054507549605543  1.00073095319793406866426  0.0014422750259932739635288  1.00219793040735641374925  0.00438455005935113647087646  
1.25663706143591729540512  1.0026835129605003074215  0.00863697611094206471040943  1.01495512795376822620663  0.0695338826644002282293018  1.00049593515686468321764  0.00153839465031647488124297  1.00148136519788731341879  0.00467004268530610700937283  
1.41371669411540695738497  1.00129251818311125704717  0.00893246427239537504048396  1.00370269665683798895103  0.0698578250287339234914866  1.00024893912471797292451  0.00159646659020205514134538  1.00073049382976247989076  0.00483903381033307471961909  
1.5707963267948966192564  0.999878328978480818156355  0.0090055708985191976439881  0.992900461367487204640721  0.0684571369651984026763816  0.999996086955856637232525  0.00161514145444846310526073  0.999964157769391005629346  0.00488811117957750845917225  
1.72787595947438628112783  0.998476041605614027707634  0.00885728349436116290196476  0.982765679337356094140508  0.0655246865517921416640496  0.999743617814561960415939  0.00159404821252160237604785  0.999201329486704958415637  0.00481688348628555231966016  
1.88495559215387594310769  0.997119590409605985011684  0.00849396416477886089121084  0.973460296410129096095817  0.0612599252609334680411309  0.999497733374938830382475  0.00153379461267001378829006  0.99846063835688630283419  0.00462790943116816728790386  
2.04203522483336560497912  0.995840989066664305639099  0.00792693391037516139848752  0.965100448821173364578104  0.0558580336565526404564441  0.99926444668938654543669  0.00143594359602815225228356  0.997759930043149349072548  0.00432655682190734224511729  
2.19911485751285526685055  0.994669691604508254562794  0.00717197523407181727005642  0.957766164138810377612007  0.0495034952952722847110967  0.999049438268916108608735  0.00130296712487943311051253  0.997115867788077404724762  0.00392080259035610333671895  
2.35619449019234492893882  0.993632071610488254909035  0.00624878355033420075973459  0.951510235595776548056437  0.0423670429379513379026558  0.998857922495332781860026  0.00113817929785287493265212  0.996543580970504120502846  0.00342098480837892446977319  
2.51327412287183459081025  0.992751011450164827932662  0.0051803926255044414141181  0.946365786272094436240923  0.0346049958536902786042323  0.99869452703060032351624  0.000945650964962174497428944  0.996056363614521956379409  0.00283951722085459576741008  
2.67035375555132425268168  0.992045589097805730321306  0.0039925930863172028799455  0.942352384938771322619045  0.0263601920920214364597606  0.998563187431266099057785  0.000730108290647922758900834  0.995665423420107012118189  0.00219057569863044547173441  
2.82743338823081391476995  0.991530848211381987406931  0.00271335666814458609832602  0.939480764968371168718159  0.0177639256341720436715124  0.998467058737920409589982  0.000496817859362182242112353  0.995379680395813945829528  0.00148976457062970702908229  
2.98451302091030357664138  0.991217637086062839518741  0.00137227292399890037584756  0.937756279790942266696031  0.00893848091092259182990345  0.998408445406014411621642  0.000251460995619775152539301  0.995205613318238628160414  0.000753769238563857205831249  
3.14159265358979323851281  0.99111250372520849719624  1.3252002320775190861322e-20  0.937181243272815152171862  -2.6134844897264004175462e-21  0.998388750581878418443454  1.35990494439111570390985e-20  0.995147151969357522465712  1.08304555151378206791372e-20  
3.29867228626928290060108  0.991217637086062839572951  -0.0013722729239989003792357  0.937756279790942266696031  -0.00893848091092259184345598  0.998408445406014411567432  -0.000251460995619775138986774  0.995205613318238628160414  -0.000753769238563857205831249  
3.45575191894877256225567  0.99153084821138198691904  -0.00271335666814458609832602  0.939480764968371168718159  -0.017763925634172043685065  0.998467058737920409752613  -0.000496817859362182248888617  0.995379680395813945829528  -0.00148976457062970702230602  
3.61283155162826222434394  0.992045589097805730321306  -0.00399259308631720289349803  0.942352384938771322673255  -0.0263601920920214364529844  0.998563187431266099220416  -0.000730108290647922813110943  0.99566542342010701260608  -0.00219057569863044553949705  
3.76991118430775188621537  0.992751011450164827444771  -0.00518039262550444142767063  0.946365786272094436240923  -0.0346049958536902785906798  0.9986945270306003232994  -0.00094565096496217447032389  0.996056363614521956325199  -0.00283951722085459574030503  
3.9269908169872415480868  0.993632071610488254692194  -0.00624878355033420075973459  0.951510235595776548219067  -0.0423670429379513379433133  0.998857922495332781588975  -0.00113817929785287494620465  0.996543580970504120448636  -0.00342098480837892445622066  
4.08407044966673120995823  0.994669691604508254454374  -0.00717197523407181737847664  0.957766164138810377449377  -0.0495034952952722847110967  0.999049438268916108771365  -0.00130296712487943313761758  0.997115867788077404182661  -0.00392080259035610333671895  
4.24115008234622087226334  0.995840989066664305693309  -0.00792693391037516139848752  0.965100448821173364903365  -0.0558580336565526404564441  0.99926444668938654543669  -0.00143594359602815222517851  0.997759930043149349343599  -0.00432655682190734221801223  
4.39822971502571053370109  0.997119590409605984686423  -0.00849396416477886091831589  0.973460296410129096258447  -0.061259925260933468095341  0.999497733374938830436685  -0.00153379461267001384250017  0.9984606383568863028884  -0.00462790943116816736921902  
4.5553093477052001960062  0.998476041605614027761844  -0.00885728349436116287485971  0.982765679337356094303138  -0.0655246865517921417182597  0.999743617814561960415939  -0.00159404821252160237604785  0.999201329486704958415637  -0.0048168834862855522925551  
4.71238898038468985787763  0.999878328978480817993725  -0.00900557089851919769819821  0.99290046136748720442388  -0.0684571369651984025950665  0.999996086955856637124105  -0.00161514145444846307815567  0.999964157769391006063027  -0.00488811117957750837785709  
4.86946861306417951974906  1.00129251818311125726401  -0.0089324642723953750133789  1.00370269665683798916787  -0.0698578250287339234372765  1.00024893912471797324977  -0.00159646659020205514134538  1.00073049382976247967392  -0.00483903381033307466540898  
5.02654824574366918162049  1.00268351296050030763835  -0.00863697611094206473751449  1.01495512795376822588137  -0.0695338826644002282293018  1.00049593515686468278396  -0.00153839465031647493545308  1.00148136519788731374405  -0.00467004268530610695516272  
5.18362787842315884349192  1.00401592643912762289372  -0.0081237935697808219461663  1.02637764873024065522943  -0.0673151804054507549605543  1.000730953197934068339  -0.00144227502599327404484396  1.00219793040735641331557  -0.00438455005935113655219162  
5.34070751110264850536336  1.00525504718977053792914  -0.00740342816966908285778934  1.03762433106329138754638  -0.063076019099803789814138  1.00094814327022854942226  -0.00131041019877263702013946  1.00286197490922563010061  -0.00398898037883596229074244  
5.49778714378213816723479  1.00636787079178786040445  -0.00649218316026277964003212  1.04828828863926131159494  -0.0567613193227654388810493  1.00114207744511997811698  -0.00114600544568581549941845  1.0034564140328781124429  -0.00349267426542669516390839  
5.6548667764616278295399  1.00732415656047710229848  -0.00541191327128387223181424  1.05791767058932053484441  -0.0484143298850792681560333  1.0013078913339055602558  -0.000953094108857357568808516  1.00396578560347760089057  -0.00290770088321090039874123  
5.81194640914111749097765  1.00809745979904156359432  -0.00418956230310727829099088  1.06604487941025028103267  -0.0382006072211166326302659  1.00144141264461106861309  -0.000736439833878626252559527  1.00437671304130754317257  -0.00224857844020603705992821  
5.96902604182060715328276  1.0086660840158583993427  -0.00285647817170244809940015  1.07222827616540050882973  -0.0264212768204382896213706  1.00153927276707829503808  -0.000501418010274225009058509  1.00467831913749201376996  -0.00153190732889952104390629  
6.12610567450009681515419  1.00901389632029653883188  -0.00144752141223185179047485  1.0761014580793901584824  -0.0135086325204387345863392  1.00159899775105511404803  -0.00025387944330220715074024  1.00486257144999138269173  -0.000775925436487950061215362  
