0  1.29239739250628085512947  2.70404439584068532031345e-20  1.25460634888071388248331  7.76915876808197471866521e-21  1.22845605123402110256305  2.19617887993707628467011e-20  1.29373455961688946171291  2.54334662012000122557605e-20  1.37306174494884861148059  3.35436085412174171406646e-20  1.32924778130625578537616  -6.84603232270673929855025e-21  1.2825029968343730925719  2.10777093468555386624979e-20  1.28188511967002704259894  3.56693019229923413669583e-20  1.15107850593153696375746  5.28500885413805640968703e-21  1.40278131047985083086887  1.38123068026419924101802e-20  
0.125663706143591729535091  1.28771886168864961076403  0.0469232917172641282073245  1.25019724071594901654552  0.0419596446117390262450656  1.2248741891833922596465  0.0363218534057858255553091  1.28842540991126193613246  0.0492029168900274633472857  1.36648037573755105683268  0.062169198741072770171231  1.32157914278334561689488  0.0604874487260807662184067  1.27787073380804271809704  0.0457487491455858044371412  1.27683753747159084120707  0.047051164583309470132162  1.14920049997279957558483  0.0221220276328077946085757  1.39373003100498776482552  0.0731585198249029398394729  
0.251327412287183459070183  1.27409435682430404238302  0.0914690878611257930956221  1.237428457102299324483  0.0815098712350419025160844  1.21444139081233068921603  0.0708363518602737832088965  1.27308641406124139941036  0.095415653093768946720922  1.34740076041314006281488  0.120759756233249710858984  1.29985526648364175411089  0.115766642842478359324079  1.26439731056880859437833  0.0890991652950328112507694  1.26224639500858249623917  0.0912782973984100827219857  1.1436703246027281192284  0.0434713970701589964243817  1.36798621895786428747255  0.140356505877921614857881  
0.376991118430775188632379  1.25266690279854280378781  0.13159706807387902126761  1.21755335062666391471309  0.11665191342363120835285  1.1980261828224055464711  0.101994254660526290496821  1.249316345709774402962  0.136189591870963507160138  1.31765212900255933607327  0.172770039016194926185209  1.2673799817727600136065  0.162038360241501485411574  1.24325659428318770172942  0.128006112316797483014971  1.23961245964754389684015  0.130361906615372217697283  1.13478541048916316779076  0.063343255750230065736963  1.32922342805761231198259  0.197136710490934832410532  
0.502654824574366918140365  1.22507741639375143487267  0.165840624955491237088427  1.19231318624790123340048  0.146060604913333479045216  1.17687230850598518517615  0.128683942311091824013507  1.21931090371730305795418  0.169953288283852226925926  1.27980969688618397982378  0.216160825989796541240443  1.22825681702208991960892  0.197548135819621121681911  1.21612449835567950327548  0.161022135451045177764306  1.21100236172221500800025  0.162802131292305867383153  1.12299811306779495927079  0.081155547539161637969141  1.28210098551470463282189  0.241272338060541249052599  
0.628318530717958647702562  1.19317379230155046156061  0.193392061442303226845556  1.16358060019937555149179  0.169139075003564806002742  1.15237590735222460191275  0.15029348809314058577763  1.18539358759219859993164  0.196064218233699159648579  1.23669226687774621621391  0.249961992757096453408395  1.18625979970532607205014  0.22234266477550110972382  1.18487307632753289556287  0.187379854323386668262528  1.17861121284404425223636  0.187971319523115227369302  1.10886188589179617578276  0.0964824972320750253395281  1.23103347479173747414799  0.272578500807757710103132  
0.753982236861550377264758  1.15875121606066154176986  0.214049726963255577678706  1.13307474879220822358214  0.185905677586722853486447  1.12588887915327290020241  0.166666962515513711134106  1.14965523209831712290498  0.214641875752351727750815  1.19093908866670783550795  0.274140509733965056528553  1.14424275544223175149483  0.237588134931604265550047  1.15130174666484119867533  0.2069288995612549660226  1.14442342356719799028025  0.205962235271395289370111  1.09297389136521494088471  0.109064172465611722192798  1.17948829336818373559638  0.292221823184697056220108  
0.879645943005142106772744  1.12337560921494933894108  0.228080761104953096422756  1.10220115549092270788422  0.196802262941491708133886  1.09858766373288564168181  0.177997744114184616357442  1.11376542864785655435802  0.226308937800921681083709  1.14474922620110863033353  0.289340140540525963104785  1.10405428460595215946899  0.24490905022356991875207  1.11695945218501881005067  0.219986850910170386383391  1.11003216253131281121905  0.217348011264991695527847  1.07592408148127308164296  0.118795472639472274089872  1.12982144220615850552496  0.301999724539893767865425  
1.00530964914873383628073  1.08829904994310824992067  0.23605842319999881454679  1.07200558024185682982985  0.202502579735946803461905  1.07141275094311152614891  0.184704703129149476811951  1.07893212957661537834599  0.231944850267504086528333  1.09978340498801542470669  0.296601092913010263522194  1.06672062195575261174009  0.245950664475719579148355  1.08306462117133241109153  0.227167577148753933115365  1.07659746048643210675124  0.222951074568054806760656  1.05825689672315040193527  0.125701299318654813997167  1.08342883016211289411851  0.303827666414888685722691  
1.13097335529232556584293  1.05444796858710512017961  0.238715547466341553934288  1.04320180864638637559423  0.203763082913629817790203  1.04506285747820916302332  0.187322640580057277171454  1.04595100958115993442909  0.232502254157513366876042  1.05718220097213377634167  0.297126530676035416041539  1.03269508125194260715445  0.242163354802471768144204  1.05050041083269518496588  0.229230158481928739398802  1.04488965452027236715127  0.223669230208220302756747  1.04044747258432174696029  0.129905329218334180535477  1.0410009341487406297859  0.299459778917943456901223  
1.25663706143591729540512  1.02245599228778428504104  0.236833255442837751965921  1.01623327019293500255749  0.201325860090967874872075  1.02002157498181901659415  0.186420620784324717847825  1.0152913066756695051069  0.228893241345436191123757  1.01764637690063160376745  0.292119483577365382894397  1.00207418930058131455001  0.234733842685497267433825  1.0198544053705961437168  0.226967024831527647700351  1.0153685493393471003451  0.220366662245752206175306  1.02289101106602933451487  0.131598502885097460560117  1.00276268597440593448745  0.29037751752699060580655  
1.3823007675795090248589  0.992716867645061859168343  0.231167374770669198851903  0.991341147572136589523166  0.195865651963215412964796  0.996597729530817313058598  0.182549084192849986411347  0.98718446062060841248581  0.221931326153931278368121  0.981537600484253354470639  0.282685923382588713992803  0.974753308363570840919601  0.224592216929297938606295  0.991476767496333786990493  0.22113236357655956666312  0.988266366654892996275895  0.213817420642822742497422  1.00590226162902154525506  0.131011195907232773030402  0.96865749709494518510447  0.277773583227667137356002  
1.50796447372310075452952  0.96544093474836703366003  0.222406407022161186921166  0.968624926099808604602632  0.187967632212402559459957  0.97496726794987147087521  0.176210387972830139397028  0.961699808173793430716905  0.212310412211595783270757  0.948974741277317449276649  0.269788235667214460947573  0.950527505000339652827066  0.212449112699694088977898  0.965539952435165641192287  0.212403250202064449169174  0.96365921551999881433789  0.20468415480428564249475  0.989721657533276707291968  0.128390962182764158485727  0.938473872013503093421436  0.262579795259510522480303  
1.63362817986669248398329  0.940706218482242170016074  0.211152339224414786728696  0.948090484951232012752424  0.1781238394134523630953  0.955210403599225394343994  0.16784586402600018225674  0.938802943823698062702793  0.200605088230027759515529  0.919914527622762078547941  0.254232025157339923686524  0.929152370137765451518254  0.198839328217973168756857  0.942091292710759167848382  0.201363797935939598497549  0.941522563757763587062762  0.193517408044869261432921  0.974525072841540044861052  0.12398619405160110046424  0.911926711360129524158377  0.245509729335300170497813  
1.75929188601028421354549  0.918500555060496858494033  0.197916278866100498251752  0.929685728021703847721077  0.166739476291655865086835  0.937341762080366653546275  0.157833295590229905313836  0.918397909721419804024087  0.187281498861109072878945  0.894213781960293535697095  0.236672377010086179189327  0.910378497190199665819749  0.184161675098392987870704  0.92109534018620067087656  0.188503738854277617996522  0.921771562705721517389824  0.180765266379724843902191  0.960434926319159607769737  0.118035122842588989896173  0.888706864491904136753916  0.22710194264469145780075  
1.88495559215387594310769  0.898754284496346158856838  0.183122746178041970145298  0.913325757187316959696474  0.154143504584733675630802  0.921333488983870965314746  0.146490283615452693228914  0.90035634695902421159152  0.172712284963067741564444  0.87167471240633936317016  0.217629858258623289495059  0.893969717780671309479042  0.168711825820720151260191  0.902465968824446028212407  0.174225032466783377426409  0.904289052030150514562348  0.166787120324243627944648  0.94753114041667227049337  0.110759172585133100339587  0.868509861645832570073694  0.207758046278440987536876  
2.01061929829746767256146  0.881364535912418727806473  0.167118379234410483096039  0.898910034100549112478888  0.140600355147864318616367  0.907132271592498095138819  0.134080489226711495394265  0.884536932503309128829946  0.157192053481104550188342  0.852076357371238692344374  0.197510142978499493959083  0.879711781042204450176483  0.152708026916062961658867  0.886089646818229938489333  0.158852224936596768579836  0.888944328901059760417169  0.151868105771126455735983  0.935861108028669914666448  0.10235960550398272132528  0.851051565356957944905817  0.187774068000887359961319  
2.13628300444105940223208  0.866212655632152882332481  0.150182366777530717626837  0.886333736224640081780707  0.126321126939101984363255  0.894671509984472652216286  0.120820912866474714658389  0.870797926446489526958617  0.140951673666722874332245  0.835195497121137080316113  0.176623768375015274191444  0.867415645510684663683967  0.136310685860363142013745  0.871841697508138628721838  0.142643947784760624235322  0.875605335104530653153078  0.136232547094892470678287  0.925448282179789459577814  0.093016505583313415124469  0.836075873045165753310454  0.167365378915421606780705  
2.26194671058465113168585  0.853176346322577069546025  0.132537042191079561674117  0.875495060540561832946368  0.111473569425762788603343  0.88387981388280423272882  0.106889179789408013474938  0.859004998040761540655224  0.124170739592956329706537  0.820819947312666686441499  0.155204254571783402784704  0.856917885590840055695921  0.119637088025310110947518  0.859597287396632405841613  0.125804104582468150003811  0.864146314555594811067374  0.120055733299217550375535  0.916299300175074630354314  0.0828893273207698804018852  0.823357748906980444272841  0.146686116034404171289606  
2.38761041672824286135647  0.842137885553870852708633  0.114357813299505848005327  0.86629977755300579221609  0.0961906474648631635459466  0.874686811326792183632697  0.0924303167538240639568032  0.84903590438126578572196  0.106988086313534805319868  0.808756562243538207096667  0.133423870871986076006412  0.848079672122756368613742  0.102772396866260913537712  0.849238604042986621053216  0.108492039230718322954353  0.854452438525323598630772  0.103473892071024523852687  0.90840972253131203645489  0.0721184268921610747553894  0.812703631013905549741998  0.125844158354921021016819  
2.51327412287183459081025  0.832989528309162503122952  0.0957820650419965423992921  0.858663964679553948201006  0.0805777411761138667712061  0.867027040732769973478255  0.0775628128061487258257086  0.840783125772661374603464  0.0895105074326021481879003  0.798835701627607636457484  0.111406924819207127273183  0.840785157087353376438848  0.0857778827372926342239223  0.840659370900194136545618  0.0908314274316841254814031  0.84642245289994372302398  0.086592484087154571390497  0.90176854811827805724362  0.0608271611930187840541632  0.803950469541509950299231  0.104912625443509547339441  
2.63893782901542632048086  0.825636943232384474828517  0.0769169449662636641452365  0.852515564506919491457888  0.0647186452676171482419325  0.860842505047400864454012  0.0623839305248175011791786  0.834155215263315787208465  0.071819926367330095503302  0.790913431382828605075222  0.089240757340613494300193  0.834939721534281132449187  0.0686971151836331167441635  0.833767558933867476451008  0.0729178848461006160535324  0.83997007302954913501988  0.0694930459114301673340499  0.896361693032685892307179  0.0491242757405621204588961  0.796964156191942636926501  0.083938712955176613382275  
2.7646015351590180497178  0.820001315008048247388612  0.0578460930387369396668204  0.847795208262017939578568  0.0486805695184954966242379  0.856084309764040771086741  0.0469743251610243288553638  0.82907737393197911558284  0.0539792989806039033619527  0.784872352254652289884566  0.0669847650946664030529752  0.83046833171014234324268  0.051560675478705924271595  0.828486919279687305096935  0.0548254156246748782275275  0.835024617468910856899443  0.0522388382281636304426569  0.892174615241677629632559  0.0371064050807704878251004  0.791637797938833217160221  0.0629505225177336579276506  
2.89026524130260977938842  0.81602057116753634494026  0.0386354549117491973671496  0.844456600543454145824888  0.0325183431841573126455571  0.852713685402730037405945  0.0314020723320302412802688  0.825491592892133616704564  0.0360375143388418488571098  0.780621669928541104697614  0.0446778157123979849760676  0.827314127568971218352079  0.0343898075290116548854643  0.82475777866689020250161  0.0366118839041419328179895  0.831531208855539624691909  0.0348795484760272518900081  0.889194245308198736091592  0.0248605837077753072635934  0.787890100409973652808085  0.0419624078044064147585863  
3.01592894744620150905903  0.81365005687620617390917  0.0193383527716409108968806  0.842466661278683537198743  0.0162780121622230670733948  0.850702603984144012122959  0.0157262219538321479752382  0.8233565859197781652834  0.0180335359835270809043302  0.778096917867331949270147  0.0223444195154334772553952  0.825437301798105574530701  0.0171993225660146779933146  0.822537402435486550097456  0.0183237107734484446928871  0.829450757990984105863519  0.0174552754876523061893141  0.887410354793177218039098  0.0124667174198858874251377  0.785664012695486837210314  0.0209792506507765009934321  
3.14159265358979323829597  0.812862878399162653414965  2.26576674554786796530249e-20  0.841805551563121964419451  1.90820057481829406889369e-20  0.850034131111096600110291  2.0301286362826127936024e-20  0.822647656339838830106669  2.29010924773851289350806e-20  0.777259600038579477165445  2.67852336353111477319076e-20  0.824814293170724368317679  2.31212569284468185400306e-20  0.821800128760119462714966  2.38459026123109906268873e-20  0.828759870052967820882716  2.24095739481313191361173e-20  0.886816463282852530437567  1.5930647713532491150961e-20  0.784925717732991836284723  2.85298196817436348476779e-20  
3.26725635973338496796659  0.81365005687620617390917  -0.0193383527716409109189035  0.842466661278683537144533  -0.0162780121622230670903355  0.850702603984144012014539  -0.0157262219538321479887907  0.82335658591977816533761  -0.018033535983527080926353  0.778096917867331949432777  -0.0223444195154334772909706  0.825437301798105574801752  -0.0171993225660146780153374  0.822537402435486550314296  -0.0183237107734484447081337  0.829450757990984105971939  -0.0174552754876523062096429  0.887410354793177218039098  -0.0124667174198858874251377  0.785664012695486837156104  -0.0209792506507765010137609  
3.3929200658769766976372  0.816020571167536345211311  -0.0386354549117491973908665  0.844456600543454145824888  -0.0325183431841573126624978  0.852713685402730037460155  -0.0314020723320302412972095  0.825491592892133616704564  -0.0360375143388418488571098  0.780621669928541104643404  -0.0446778157123979849659032  0.827314127568971218352079  -0.0343898075290116549091813  0.824757778666890202230559  -0.0366118839041419328247657  0.831531208855539624420859  -0.0348795484760272518967843  0.889194245308198736254222  -0.0248605837077753072906984  0.787890100409973653024925  -0.0419624078044064147721389  
3.51858377202056842709098  0.820001315008048247497032  -0.0578460930387369396735967  0.847795208262017939741199  -0.0486805695184954966106853  0.856084309764040771195161  -0.0469743251610243288485876  0.82907737393197911569126  -0.0539792989806039033619527  0.784872352254652289992986  -0.0669847650946664030529752  0.83046833171014234313426  -0.0515606754787059242377137  0.828486919279687305367986  -0.0548254156246748782343038  0.835024617468910857170494  -0.0522388382281636304629857  0.892174615241677629632559  -0.0371064050807704878251004  0.79163779793883321710601  -0.062950522517733657914098  
3.64424747816416015676159  0.825636943232384474882727  -0.0769169449662636642129992  0.852515564506919491566308  -0.0647186452676171482961427  0.860842505047400864399802  -0.0623839305248175012198362  0.834155215263315787154255  -0.0718199263673300955642884  0.790913431382828604966802  -0.0892407573406134943476268  0.834939721534281132503397  -0.0686971151836331167848211  0.833767558933867476179957  -0.072917884846100616121295  0.839970073029549134748829  -0.0694930459114301673747074  0.896361693032685892144548  -0.0491242757405621204860012  0.796964156191942636872291  -0.0839387129551766134568139  
3.76991118430775188621537  0.832989528309162503339792  -0.0957820650419965424263971  0.858663964679553948092586  -0.0805777411761138667576536  0.867027040732769973695095  -0.0775628128061487258528136  0.840783125772661374874514  -0.0895105074326021482285579  0.798835701627607636457484  -0.111406924819207127266407  0.840785157087353376655688  -0.0857778827372926342442511  0.840659370900194136382987  -0.0908314274316841254814031  0.84642245289994372302398  -0.0865924840871545713769444  0.90176854811827805746046  -0.0608271611930187840812682  0.803950469541509950353441  -0.104912625443509547332665  
3.89557489045134361566915  0.842137885553870852708633  -0.114357813299505848045985  0.86629977755300579243293  -0.0961906474648631636272618  0.874686811326792183307437  -0.0924303167538240639839082  0.84903590438126578572196  -0.106988086313534805319868  0.808756562243538207313508  -0.133423870871986076114832  0.848079672122756368667952  -0.102772396866260913619027  0.849238604042986621107426  -0.108492039230718323022115  0.854452438525323598576561  -0.103473892071024523893344  0.90840972253131203645489  -0.0721184268921610748095995  0.812703631013905549687788  -0.125844158354921021084581  
4.02123859659493534512292  0.853176346322577069600235  -0.13253704219107956163346  0.875495060540561832783737  -0.11147356942576278858979  0.88387981388280423272882  -0.10688917978940801348849  0.859004998040761540655224  -0.124170739592956329679432  0.820819947312666686495709  -0.155204254571783402757599  0.856917885590840055587501  -0.119637088025310110906861  0.859597287396632405841613  -0.125804104582468149976706  0.864146314555594810904744  -0.12005573329921755034843  0.916299300175074630137474  -0.0828893273207698803883327  0.823357748906980444272841  -0.146686116034404171262501  
4.14690230273852707479354  0.866212655632152882549321  -0.15018236677753071764039  0.886333736224640081780707  -0.12632112693910198439036  0.894671509984472652270496  -0.120820912866474714712599  0.870797926446489526687567  -0.140951673666722874400008  0.835195497121137080207692  -0.176623768375015274286312  0.867415645510684663575546  -0.136310685860363142081508  0.871841697508138628559208  -0.142643947784760624275979  0.875605335104530653207288  -0.136232547094892470813813  0.925448282179789459740444  -0.0930165055833134151786791  0.836075873045165753310454  -0.167365378915421606848468  
4.27256600888211880446416  0.881364535912418727806473  -0.167118379234410483068934  0.898910034100549112424678  -0.140600355147864318589262  0.907132271592498094921978  -0.134080489226711495394265  0.884536932503309128829946  -0.157192053481104550188342  0.852076357371238692561214  -0.197510142978499493999741  0.879711781042204450176483  -0.15270802691606296161821  0.886089646818229938651963  -0.158852224936596768606941  0.888944328901059760308749  -0.15186810577112645577664  0.935861108028669914558027  -0.102359605503982721352385  0.851051565356957945068447  -0.187774068000887359974871  
4.39822971502571053413477  0.898754284496346158856838  -0.183122746178041970091088  0.913325757187316959804894  -0.154143504584733675603697  0.921333488983870965314746  -0.146490283615452693228914  0.9003563469590242114831  -0.172712284963067741564444  0.871674712406339363441211  -0.217629858258623289562822  0.893969717780671309207991  -0.168711825820720151273744  0.902465968824446028429247  -0.174225032466783377439962  0.904289052030150514941819  -0.166787120324243627998858  0.94753114041667227054758  -0.110759172585133100285377  0.868509861645832570073694  -0.207758046278440987550428  
4.52389342116930226337171  0.918500555060496858385613  -0.197916278866100498183989  0.929685728021703847829497  -0.166739476291655865086835  0.937341762080366653817325  -0.157833295590229905340941  0.918397909721419803753036  -0.18728149886110907279763  0.894213781960293535480255  -0.236672377010086179162222  0.910378497190199665711329  -0.184161675098392987843599  0.921095340186200671147611  -0.188503738854277617996522  0.921771562705721517660875  -0.180765266379724843902191  0.960434926319159607607107  -0.118035122842588989814858  0.888706864491904137133386  -0.227101942644691457882065  
4.64955712731289399304233  0.940706218482242170016074  -0.211152339224414786728696  0.948090484951232012860844  -0.178123839413452363068194  0.955210403599225394398204  -0.167845864026000182229635  0.938802943823698062811214  -0.200605088230027759515529  0.919914527622762078547941  -0.254232025157339923659419  0.929152370137765451247203  -0.198839328217973168729752  0.942091292710759167848382  -0.201363797935939598524654  0.941522563757763587062762  -0.193517408044869261514237  0.974525072841540044915262  -0.123986194051601100437135  0.911926711360129524212587  -0.245509729335300170511365  
4.77522083345648572271294  0.96544093474836703355161  -0.222406407022161186921166  0.968624926099808604440002  -0.187967632212402559487062  0.97496726794987147092942  -0.176210387972830139397028  0.961699808173793430716905  -0.212310412211595783297862  0.948974741277317449114018  -0.269788235667214460974678  0.950527505000339652556016  -0.212449112699694089005003  0.965539952435165641300707  -0.212403250202064449169174  0.96365921551999881428368  -0.20468415480428564254896  0.989721657533276707563018  -0.128390962182764158567043  0.938473872013503093204596  -0.262579795259510522507408  
4.90088453960007745238356  0.992716867645061859114133  -0.231167374770669198851903  0.991341147572136589848427  -0.195865651963215412991902  0.996597729530817313167018  -0.182549084192849986411347  0.98718446062060841237739  -0.221931326153931278395226  0.98153760048425335452485  -0.282685923382588714047013  0.974753308363570840973811  -0.2245922169292979386334  0.991476767496333786719442  -0.221132363576559566636015  0.988266366654892995950634  -0.213817420642822742497422  1.00590226162902154536348  -0.131011195907232773003297  0.96865749709494518499605  -0.277773583227667137356002  
5.02654824574366918162049  1.02245599228778428514946  -0.236833255442837752047236  1.01623327019293500255749  -0.201325860090967875007601  1.02002157498181901659415  -0.186420620784324718010455  1.01529130667566950521532  -0.228893241345436191123757  1.01764637690063160365903  -0.292119483577365383002817  1.00207418930058131444159  -0.234733842685497267515141  1.01985440537059614393364  -0.226967024831527647835876  1.0153685493393471003451  -0.220366662245752206310831  1.02289101106602933408118  -0.131598502885097460641433  1.00276268597440593470429  -0.290377517526990605887865  
5.15221195188726091129111  1.05444796858710512050487  -0.238715547466341553934288  1.04320180864638637548581  -0.203763082913629817681783  1.04506285747820916302332  -0.187322640580057277008823  1.04595100958115993410383  -0.232502254157513366686306  1.05718220097213377677535  -0.297126530676035416122854  1.03269508125194260758813  -0.242163354802471768171309  1.05050041083269518518272  -0.229230158481928739453012  1.04488965452027236693443  -0.223669230208220302675431  1.04044747258432174696029  -0.129905329218334180535477  1.0410009341487406297859  -0.299459778917943456874118  
5.27787565803085264096173  1.08829904994310824970383  -0.236058423199998814465475  1.07200558024185682972143  -0.202502579735946803461905  1.07141275094311152604049  -0.184704703129149476784846  1.07893212957661537856283  -0.231944850267504086501228  1.09978340498801542459827  -0.296601092913010263467984  1.06672062195575261174009  -0.24595066447571957912125  1.08306462117133241119995  -0.227167577148753933061155  1.07659746048643210696808  -0.222951074568054806787762  1.05825689672315040215211  -0.125701299318654813942956  1.08342883016211289422693  -0.303827666414888685858216  
5.40353936417444437063234  1.12337560921494933894108  -0.228080761104953096422756  1.10220115549092270820948  -0.196802262941491708188096  1.09858766373288564200707  -0.177997744114184616384547  1.11376542864785655511696  -0.226308937800921681083709  1.14474922620110863076721  -0.2893401405405259631861  1.10405428460595215968583  -0.24490905022356991880628  1.11695945218501881037593  -0.219986850910170386329181  1.11003216253131281078537  -0.217348011264991695500742  1.07592408148127308153454  -0.118795472639472274062767  1.12982144220615850552496  -0.30199972453989376778411  
5.5292030703180360994356  1.1587512160606615414446  -0.214049726963255577868442  1.1330747487922082239074  -0.185905677586722853621972  1.12588887915327289976873  -0.166666962515513711323841  1.1496552320983171230134  -0.21464187575235172783213  1.19093908866670783550795  -0.274140509733965056745394  1.14424275544223175171167  -0.237588134931604265604257  1.15130174666484119867533  -0.206928899561254966158125  1.14442342356719799038867  -0.205962235271395289397216  1.09297389136521494066787  -0.109064172465611722355429  1.17948829336818373559638  -0.292221823184697056328529  
5.65486677646162782910622  1.19317379230155046134377  -0.193392061442303226791346  1.16358060019937555160021  -0.169139075003564806111162  1.15237590735222460180433  -0.150293488093140585804735  1.18539358759219860047374  -0.196064218233699159621474  1.23669226687774621621391  -0.249961992757096453408395  1.18625979970532607172488  -0.22234266477550110966961  1.18487307632753289588813  -0.187379854323386668289633  1.17861121284404425256162  -0.187971319523115227423512  1.1088618858917961754575  -0.0964824972320750254479484  1.23103347479173747393115  -0.272578500807757710211552  
5.78053048260521955877683  1.22507741639375143519793  -0.165840624955491237088427  1.19231318624790123307522  -0.146060604913333479045216  1.17687230850598518517615  -0.128683942311091823905086  1.21931090371730305795418  -0.169953288283852226953031  1.27980969688618397971536  -0.216160825989796541267548  1.2282568170220899195005  -0.197548135819621121627701  1.21612449835567950349232  -0.161022135451045177872726  1.21100236172221500789183  -0.162802131292305867383153  1.12299811306779495894553  -0.081155547539161637996246  1.28210098551470463249663  -0.241272338060541248971284  
5.90619418874881128844745  1.25266690279854280411307  -0.131597068073879021132084  1.21755335062666391492993  -0.11665191342363120824443  1.19802618282240554657952  -0.101994254660526290334191  1.24931634570977440274516  -0.136189591870963507105928  1.31765212900255933563959  -0.172770039016194925914158  1.2673799817727600136065  -0.162038360241501485221839  1.24325659428318770183784  -0.128006112316797482825236  1.23961245964754389705699  -0.130361906615372217534653  1.13478541048916316800761  -0.0633432557502300656556479  1.32922342805761231209101  -0.197136710490934832302112  
6.03185789489240301811807  1.27409435682430404151565  -0.0914690878611257929872019  1.23742845710229932383248  -0.0815098712350419023805592  1.21444139081233068889077  -0.0708363518602737829378459  1.27308641406124139908509  -0.0954156530937689466125018  1.3474007604131400629233  -0.120759756233249710669249  1.29985526648364175367721  -0.115766642842478359161449  1.2643973105688085937278  -0.0890991652950328111694542  1.26224639500858249602233  -0.0912782973984100826948807  1.14367032460272811890314  -0.0434713970701589962888564  1.36798621895786428736413  -0.140356505877921614722356  
6.15752160103599474778868  1.28771886168864961076403  -0.0469232917172641280582467  1.25019724071594901665394  -0.0419596446117390261095403  1.22487418918339225953808  -0.0363218534057858254333363  1.28842540991126193613246  -0.0492029168900274631439978  1.36648037573755105704952  -0.062169198741072769913733  1.32157914278334561667804  -0.0604874487260807660557764  1.27787073380804271820546  -0.0457487491455858043422735  1.27683753747159084120707  -0.0470511645833094700508469  1.14920049997279957558483  -0.0221220276328077946356807  1.39373003100498776515078  -0.073158519824902939636185  
