0  1.15139195893803925193569  -8.8761400648330215933287e-21  1.12939815994765390143231  -1.79598995553213373803385e-20  1.52716187442828630694072  6.36709830571123100930256e-21  1.21755093217088920646597  -7.49477332689193814285356e-21  1.46914463131005160482969  6.55625342988870807318535e-21  1.35624646955902194696373  4.34930370496350007030735e-21  1.08418261065000912438117  -1.34730664744672814925243e-20  1.29733742059091098752094  -6.11680756491409870873786e-21  1.23262360599356073380308  -1.30483218073297636446788e-21  1.21764309286163022519583  -4.95976191472796358034393e-21  
0.125663706143591729535091  1.14928596446510783099255  0.0230569520049834759026328  1.12791698323007800292776  0.0184094979754309472991724  1.50840038171308841075287  0.113480403261420085220615  1.214437074550396117225  0.0335047004560592612295417  1.45709279490414623787868  0.0895068527493144419369454  1.34781044364133320329242  0.0658450309356779771793075  1.08330881851519974221933  0.0115741163056519981796764  1.29194133458780361582274  0.049892701620841089252224  1.22901146501598787215501  0.0368517018513817560770147  1.21479455516811087208671  0.0325147486495409027203066  
0.251327412287183459070183  1.1431153178870123085769  0.0451527709788422497043164  1.12354175895201814226916  0.0362558243447838718490116  1.45780171572626959883984  0.210343341061393615328717  1.20532188221188395888233  0.0655602363706007275882424  1.42324733240941773038286  0.170303593585281191669133  1.32395091467631005068516  0.125892803992323951671082  1.08071966854041921714171  0.0228464960587376504771648  1.27635322395993613801314  0.0967401057812803579226456  1.21848569000297145454876  0.0718940423433562218221001  1.20641736266006933616952  0.0638145595117314860995374  
0.376991118430775188632379  1.13329600066082165313753  0.065435341994610277306264  1.11646990623952925883976  0.0530161014804138093665931  1.38826907056317895984392  0.28172933215437609720316  1.190843328402039919163  0.0948873629332454019075574  1.37342248096933920871975  0.236361690340442483050458  1.28838352268554030236481  0.175956505149544042203801  1.07650911370836843022371  0.0335321327989803195978105  1.25220341850333825265296  0.138049640804672603958602  1.20190978698586461634584  0.103572353784639570686323  1.19299340662557937209863  0.0927963722776578703982896  
0.502654824574366918140365  1.12044316857465647580688  0.083244047566913721908962  1.1070070288009728605395  0.0682418488031630795533338  1.3124568262780875507181  0.327432562545074442423264  1.17194148503221428638497  0.120504201462115263343133  1.31453130583419594730465  0.285355100367258794863239  1.24568374226882763603289  0.214163396944359529420034  1.0708251007339053669171  0.0433774755592848245897009  1.22173035536423343666752  0.172223803570836919333382  1.18052289044415639361271  0.130764711367545231960859  1.1752538640969760709229  0.118559701196727549943897  
0.628318530717958647702562  1.10527963881153586220459  0.0981500129074296068178076  1.09553673449739535396275  0.0815823334284650833339927  1.23877340306644913043438  0.351992114225287788353662  1.14971527933525971586822  0.141786577189722996653401  1.25256949149352787549559  0.317958524902387237929917  1.20001132505186636917089  0.240645881336375437717281  1.06385805165516141349534  0.0521715615867496182705282  1.18730176266744704425323  0.198612640164410747105903  1.15572018097858392605796  0.152845075424392575337649  1.15408963843409018189615  0.14046162812788804227131  
0.753982236861550377264758  1.08854637511530548258428  0.109953629002975014649669  1.08248667640396652753296  0.0927952227900338161325263  1.1713822404675244779346  0.360957904176951962599241  1.12528382816507686110981  0.158461318094512214202851  1.19176298283059371025099  0.336480837102972023993155  1.15446904296582835564022  0.256751340017665626898205  1.0558272481307643537703  0.0597526708746512621398678  1.15104693983919054221625  0.217343086643696298498841  1.12885790918999254521179  0.169642250916787913698732  1.13045566394838061755491  0.158131808729258970924042  
0.879645943005142106772744  1.07093245976491626553218  0.118650660437278275869495  1.06829606154648979301006  0.101745258891126041597436  1.11167662049705604214878  0.35909038783903160177045  1.09967954554107596022803  0.170551247589996706198771  1.13462613186971855814156  0.343721099185287124036297  1.11103507124273081043721  0.264299077541257333809777  1.04696688764026059445707  0.066010400433926868152051  1.11466457322148143572679  0.229054616585612635671623  1.10112194514435072687474  0.18133597304128416737262  1.10528597078507856497475  0.171452808393276838586127  
1.00530964914873383628073  1.05303171996275572242559  0.124382703064048348931547  1.05338850022445494093726  0.108393609865800465396615  1.05961565381504809770213  0.349936280374876208527479  1.07378344537972850668804  0.178297092056477993817247  1.08239523005503391153183  0.3423152141831143410039  1.0707851819768740547073  0.265102995932171139567037  1.03751332017456873919349  0.070883723584888092049492  1.07938178552676317491828  0.234647694793657992951572  1.0734657966691819791288  0.18833497457808461605683  1.07943011391559801222771  0.180516972743506850992154  
1.13097335529232556584293  1.03532441454499854992244  0.127385801951831469655887  1.03815221722172180236418  0.112781421601385280656946  1.01454969662704419400365  0.335971902353271594188428  1.04829930963921008635082  0.182077802394470841075092  1.03548481165652398665149  0.334474191568240968372569  1.03417696590854702376125  0.260745402671151753646933  1.02769450205386265084946  0.0743560259837912732885055  1.04600474588513321877285  0.235096437880419655377419  1.04660290110234240946487  0.191168152924051978777892  1.0536144350591997581601  0.185572426228533752861835  
1.25663706143591729540512  1.01817764087121505941352  0.127946017163372766480348  1.02292793464225179468196  0.115010991002521262602893  0.975645958389491981465561  0.318875606747508101096933  1.02375632146787625797579  0.182342530244985955630715  0.993835844703514114468947  0.321941749140644264612354  1.00128908661360504052731  0.252511263373705908356209  1.01772217352409785476926  0.0764482652156852737334453  1.01500647219435513558469  0.231332574727634283624864  1.0210316183709153294544  0.19040271725669565149497  1.02842602597725939423193  0.186968777512145582704898  
1.3823007675795090248589  1.00185710333438615746594  0.126365665204822218712147  1.00800352801813087808003  0.115227266567390060483323  0.942081533047693347906852  0.299770999439754332299268  1.00052858078755579082988  0.179559539186371826605115  0.957144761563668489817974  0.306045979689389602697129  0.971990069552697227384195  0.241402271157280801135571  1.00778680224374086733634  0.0772113306423915236030055  0.986617465306818533434408  0.2241862925627614784482  0.997074431806744693250304  0.18659060267457767894419  1.00431415625171951955773  0.185109516491772127972119  
1.50796447372310075452952  0.986544078435002594286343  0.122940394550628321978071  0.993613937286291334352508  0.113601440712432717213129  0.913118359544116261908644  0.279407183528801567789016  0.978862045666942485295462  0.174181916079418685794648  0.925001526784151571281348  0.287777775713701928703148  0.946045912584628357515967  0.22818089489190032708105  0.998055003779444717957377  0.0767184691536221914566918  0.96090311330718293492386  0.214364865990359394339547  0.97491918213472222257826  0.180238137656361904667115  0.981603097599805678229266  0.180414472901652305571229  
1.63362817986669248398329  0.972353357685644950928958  0.117945388580229282337111  0.979944678974250911614695  0.110317519140042981856198  0.888123342546543360345387  0.258282862214710901016274  0.958902565608993015001948  0.166627240423123850306597  0.896967793243497573286039  0.267866697613808656260829  0.923184047450627428416103  0.213419432804023828995207  0.988668967054333589427554  0.0750583765899023257997958  0.937823376725622823114545  0.202453080460830135630127  0.954655959039877338278678  0.171792264911252375773985  0.96051093593858931330657  0.173292937891729027601365  
1.75929188601028421354549  0.959349761431553191498925  0.111628395913898719284726  0.967137479542399374269051  0.105562082255701331209505  0.866565243595152444875448  0.236729201090841404094413  0.940721469919160948659244  0.157267595921875587346053  0.872618538421515109015491  0.246844481311132726427077  0.90312911781629911367594  0.197543819923510729192977  0.979747355067982382689166  0.0723292990281718956979001  0.917275933489533237482922  0.188924467497698266490991  0.936307259240126246919479  0.161637315169752748109555  0.941170293733494576799304  0.164126357363516043623626  
1.88495559215387594310769  0.947562148126431385360309  0.104207416692806393204761  0.955296866555116489612073  0.0995170246407229410823877  0.848003192711952676107259  0.214964574907581823395939  0.924337179021923245928697  0.146426587584353038630903  0.851562474600301706208986  0.225094865654406631275955  0.885621639624204094222437  0.180869262729815491575034  0.971387180764506386022265  0.068634280022911281173752  0.899125976104311038200178  0.174156699559849784114804  0.919851262341979510441577  0.150097831954975469319412  0.923648301734100524260519  0.153258735602906670330257  
2.01061929829746767256146  0.936994674350177492411045  0.0958713017997538888027029  0.944496896197652589181448  0.0923548369472090845572762  0.832073399787401330829437  0.193130740038922437990399  0.909732533543156223669948  0.134380718269230844345158  0.833450561580244270903136  0.202891469933544715288903  0.870426719907927589009802  0.163627905377598325251977  0.963666235856905049991968  0.0640775421494853283325283  0.883226055884426602775577  0.158447518879970762750308  0.905239097408626619783827  0.137444423994747817730205  0.907964349353755785401558  0.140992747528156834498363  
2.13628300444105940223208  0.927635503459651040579666  0.0867820016525568281779736  0.934787496500330270464939  0.0842359217527042314973152  0.818476738009412288976305  0.171316876663085093033785  0.896868178648350389975136  0.121363218623812171923903  0.817978100271631600583309  0.180426155237074296739113  0.857337236711230918438219  0.145989800933336772790073  0.956645745963400469951982  0.0587619005117519169060277  0.869428863817077271199454  0.142029451744375635811705  0.892407284990545817706092  0.123900782069123443089099  0.894105004170734523553498  0.127589767839089067563425  
2.26194671058465113168585  0.919463348617358686935136  0.0770776173102735627859364  0.926200139252524545308357  0.0753074535575310571573846  0.806968097112462862466331  0.149575719367651166353248  0.885692608191909785194003  0.107569054854451410662038  0.804883551862347018592166  0.157830130872595471937291  0.8461740868895520638923  0.128078630565259991163935  0.950373018344447858922214  0.0527870609098462257598823  0.857595170198887807495609  0.125082628454509962065248  0.881286500921444016832824  0.109650803719533847734816  0.882036040845224262891416  0.113272379816923997113923  
2.38761041672824286135647  0.912452277106074945828545  0.0668757246580253654228559  0.918752718256878184914602  0.0657033584770110715606072  0.797347641198748088994189  0.127934506257175197724285  0.876149527118233765077705  0.0931603168501640832289924  0.793945858149248797318298  0.13518964877795612581832  0.836785005054011669348071  0.109983448231015440270126  0.944883928021380605671072  0.0462486426587426009313878  0.847598538514537425180104  0.107745591728820630178314  0.871807631496343512925509  0.0948452869898332609314984  0.871711825519524513192736  0.0982283000044387945873204  
2.51327412287183459081025  0.90657517057183132161164  0.0562766667347519928741011  0.912453617451189139681  0.0555450712260896576488592  0.789453810444368099953193  0.106402511206696931116296  0.868183138786061211588773  0.07827152587538056242747  0.784981249477116610989685  0.112557705571983164311457  0.829042800185913256552118  0.0917674774311180696168325  0.940205150121030906837805  0.0392377734404997180960809  0.839327948386019444932359  0.0901242450147307788699009  0.863905883509590437590708  0.0796079665319526607442611  0.86308243867135254215545  0.0826149845340398482847785  
2.63893782901542632048086  0.901806174107424862837652  0.0453666583990394454823877  0.907305013381749704049796  0.0449428080781389028639113  0.783157819591654363845182  0.0849763057219664491467826  0.861741870023481019459904  0.0630146257294624613620846  0.777840076835668774093025  0.0899628188058039384735181  0.822843474257102512798862  0.0734747479414046633793716  0.93635609113599701283084  0.0318411216069088249072151  0.832689107025153437357211  0.0722992006984721293129251  0.857523524679727758334227  0.0640408429802236787392968  0.856098951020546680994085  0.0665644458872545816260566  
2.7646015351590180497178  0.898122399503119286760799  0.0342206419426815650714976  0.903305485755129283884264  0.0339971658085865027133939  0.778359407919044113540689  0.0636435025674664551698285  0.856780944607254753622987  0.0474835647028957442500547  0.772403950715702116770235  0.0674156721094870172843747  0.818104468988604792954473  0.0551351646941696970441471  0.933350501745039127707553  0.0241412534446333485409599  0.827604975897033586602555  0.0543318150426918200425908  0.85261167579520036335786  0.048228851109731139638892  0.850717239927006533997504  0.0501880050002356491506612  
2.89026524130260977938842  0.895505085579594265474731  0.0229048893674203758825058  0.900452018066213889216278  0.0228009149673028652448401  0.774983630218693953623475  0.0423854818512919221761123  0.85326412127143940090793  0.031758463550521991505815  0.768583328024194383670288  0.0449142230943303632356971  0.814763164918206608637596  0.0367684514673052512874507  0.931197771960280283067273  0.0162172249275327206395202  0.824015863642205801764366  0.0362691857987288119070392  0.849131456146518160733351  0.0322439583777308679259327  0.846900678325389296200419  0.0335808425109947819146058  
3.01592894744620150905903  0.893940365210993000274434  0.0114793799831789698691646  0.898741465517322517459527  0.0114409009978756964129299  0.772978522066977984117126  0.021179439940027800226834  0.851164830943290861458347  0.0159094163422296917347303  0.766315611758447190514712  0.0224477234934223791133485  0.812775690772999274979777  0.0183873027328788223670042  0.929903918656389862399357  0.00814533706838837088555624  0.821879315658326311914983  0.0181483634394556938849758  0.847054693316312972545517  0.0161488047127984304989829  0.844621962840262079314294  0.0168263070895021414255912  
3.14159265358979323829597  0.893419744706823962742629  5.86623293964529616925499e-21  0.898171555024230922482497  6.54468583701029260626815e-21  0.77231351569684886086177  2.56516465673484420434545e-20  0.850466880104081663803092  1.39620648130132598682105e-20  0.765563788662455413987652  2.59688199108415705542393e-20  0.812116066950042546476653  2.49337476897926869656797e-20  0.929472278567015908787123  -2.27167779286215385594697e-21  0.821169947995452510628497  1.73439350962529277201756e-20  0.846364340542225416195998  1.80885346371508021281312e-20  0.843864281934673756617286  1.58248951680018330585823e-20  
3.26725635973338496796659  0.893940365210992999949174  -0.0114793799831789698725527  0.898741465517322517459527  -0.0114409009978756964230943  0.772978522066977984117126  -0.0211794399400278002403865  0.851164830943290861675187  -0.0159094163422296917550591  0.766315611758447190785763  -0.0224477234934223791353714  0.812775690772999275305038  -0.018387302732878822387333  0.929903918656389862616198  -0.0081453370683883708923325  0.821879315658326311969193  -0.0181483634394556938985283  0.847054693316312972708147  -0.0161488047127984305176176  0.844621962840262079260083  -0.0168263070895021414357556  
3.3929200658769766976372  0.895505085579594265474731  -0.0229048893674203758960583  0.900452018066213889053648  -0.0228009149673028652448401  0.774983630218693953623475  -0.0423854818512919221761123  0.85326412127143940090793  -0.0317584635505219915227557  0.768583328024194383507658  -0.0449142230943303632424734  0.814763164918206608746017  -0.0367684514673052513043913  0.931197771960280283013063  -0.0162172249275327206462964  0.824015863642205801872787  -0.0362691857987288119104274  0.849131456146518160733351  -0.0322439583777308679225445  0.84690067832538929641726  -0.0335808425109947819281583  
3.51858377202056842709098  0.898122399503119286760799  -0.0342206419426815650782739  0.903305485755129283830054  -0.0339971658085865027269464  0.778359407919044113540689  -0.0636435025674664551494997  0.856780944607254753406147  -0.0474835647028957442500547  0.772403950715702116661815  -0.0674156721094870172572696  0.818104468988604792954473  -0.0551351646941696970305946  0.933350501745039127761763  -0.0241412534446333485274074  0.827604975897033586548345  -0.0543318150426918200392027  0.85261167579520036346628  -0.0482288511097311396253395  0.850717239927006533997504  -0.0501880050002356491506612  
3.64424747816416015676159  0.901806174107424862620812  -0.045366658399039445516269  0.907305013381749704104006  -0.0449428080781389028910164  0.783157819591654363953603  -0.0849763057219664492280978  0.861741870023481019730954  -0.0630146257294624614027421  0.777840076835668774309866  -0.089962818805803938548057  0.822843474257102512798862  -0.0734747479414046633997004  0.93635609113599701272242  -0.0318411216069088249207676  0.832689107025153437303001  -0.0722992006984721293739115  0.857523524679727758551068  -0.0640408429802236787867307  0.856098951020546681048295  -0.0665644458872545816734904  
3.76991118430775188621537  0.90657517057183132172006  -0.0562766667347519929418638  0.91245361745118913940995  -0.0555450712260896576895168  0.789453810444368099953193  -0.106402511206696931177283  0.868183138786061211426143  -0.0782715258753805624477987  0.784981249477116610935475  -0.112557705571983164345338  0.829042800185913256660539  -0.0917674774311180696845952  0.940205150121030906892015  -0.0392377734404997181367385  0.839327948386019444498678  -0.0901242450147307788631246  0.863905883509590437753338  -0.0796079665319526608323526  0.86308243867135254215545  -0.0826149845340398483593174  
3.89557489045134361566915  0.912452277106074945611704  -0.066875724658025365449961  0.918752718256878184589342  -0.0657033584770110715877122  0.797347641198748088885769  -0.12793450625717519775139  0.876149527118233764806654  -0.09316031685016408326965  0.793945858149248797480928  -0.135189648777956125886082  0.8367850050540116689686  -0.10998344823101544026335  0.944883928021380605237391  -0.0462486426587426009449404  0.847598538514537424963264  -0.107745591728820630191867  0.871807631496343512708669  -0.0948452869898332609586034  0.871711825519524513030106  -0.0982283000044387945602154  
4.02123859659493534512292  0.919463348617358686880926  -0.0770776173102735627994889  0.926200139252524545091516  -0.0753074535575310571980422  0.806968097112462862683172  -0.149575719367651166407458  0.885692608191909785194003  -0.107569054854451410689143  0.804883551862347018646376  -0.157830130872595471964396  0.84617408688955206400072  -0.12807863056525999119104  0.950373018344447858922214  -0.0527870609098462257734348  0.857595170198887807549819  -0.125082628454509962092353  0.881286500921444016778614  -0.109650803719533847734816  0.882036040845224262891416  -0.113272379816923997113923  
4.14690230273852707479354  0.927635503459651040579666  -0.0867820016525568281779736  0.934787496500330270573359  -0.0842359217527042314295526  0.818476738009412288976305  -0.171316876663085093060891  0.896868178648350390191977  -0.121363218623812171951008  0.817978100271631600637519  -0.180426155237074296766218  0.85733723671123091860085  -0.145989800933336772830731  0.956645745963400469843562  -0.0587619005117519168518176  0.869428863817077271036824  -0.142029451744375635811705  0.892407284990545817977142  -0.123900782069123443116204  0.894105004170734523553498  -0.12758976783908906759053  
4.27256600888211880446416  0.936994674350177492248414  -0.0958713017997538887891504  0.944496896197652589235658  -0.0923548369472090845301712  0.832073399787401330829437  -0.193130740038922438017504  0.909732533543156223398898  -0.134380718269230844263843  0.833450561580244270740506  -0.202891469933544715288903  0.870426719907927588901382  -0.163627905377598325251977  0.963666235856905050208808  -0.0640775421494853283596333  0.883226055884426602775577  -0.158447518879970762804518  0.905239097408626619783827  -0.137444423994747817730205  0.907964349353755785401558  -0.140992747528156834471258  
4.39822971502571053413477  0.947562148126431385143469  -0.104207416692806393177656  0.955296866555116489341023  -0.0995170246407229410552826  0.848003192711952675619368  -0.214964574907581823273966  0.924337179021923245549226  -0.146426587584353038563141  0.851562474600301706100566  -0.225094865654406631262402  0.885621639624204093897177  -0.180869262729815491520823  0.971387180764506385968055  -0.0686342800229112811195419  0.899125976104311037766497  -0.174156699559849784060593  0.919851262341979510170527  -0.150097831954975469305859  0.923648301734100524043678  -0.1532587356029066702896  
4.52389342116930226337171  0.959349761431553191498925  -0.111628395913898719311831  0.967137479542399374485891  -0.1055620822557013311824  0.866565243595152444983868  -0.236729201090841404121518  0.940721469919160948605034  -0.157267595921875587318948  0.872618538421515109232331  -0.246844481311132726481287  0.903129117816299113621729  -0.197543819923510729165872  0.979747355067982382689166  -0.0723292990281718956979001  0.917275933489533237266082  -0.188924467497698266450334  0.936307259240126246919479  -0.16163731516975274808245  0.941170293733494576582464  -0.164126357363516043555863  
4.64955712731289399304233  0.972353357685644950820537  -0.117945388580229282310006  0.979944678974250911289434  -0.110317519140042981829093  0.888123342546543360399598  -0.258282862214710900962064  0.958902565608993015056159  -0.166627240423123850252387  0.896967793243497573123409  -0.267866697613808656260829  0.923184047450627428524524  -0.213419432804023828995207  0.988668967054333589427554  -0.0750583765899023258269009  0.937823376725622823222965  -0.202453080460830135575917  0.954655959039877338278678  -0.171792264911252375773985  0.960510935938589313198149  -0.173292937891729027587813  
4.77522083345648572271294  0.986544078435002594394763  -0.122940394550628321978071  0.993613937286291334406718  -0.113601440712432717267339  0.913118359544116261962855  -0.279407183528801567843226  0.978862045666942485241252  -0.174181916079418685903068  0.925001526784151571443978  -0.287777775713701928811568  0.946045912584628357570177  -0.228180894891900327162365  0.998055003779444718011588  -0.0767184691536221914566918  0.96090311330718293503228  -0.214364865990359394393758  0.97491918213472222252405  -0.18023813765636190469422  0.981603097599805678120845  -0.180414472901652305598334  
4.90088453960007745238356  1.0018571033343861577912  -0.126365665204822218766357  1.00800352801813087797161  -0.115227266567390060510428  0.942081533047693348123693  -0.299770999439754332326373  1.00052858078755579104673  -0.17955953918637182668643  0.957144761563668489980604  -0.306045979689389602778444  0.971990069552697227329985  -0.241402271157280801149123  1.00778680224374086733634  -0.0772113306423915236843206  0.986617465306818533651249  -0.22418629256276147850241  0.997074431806744693521354  -0.186590602674577678971295  1.00431415625171951977457  -0.185109516491772128026329  
5.02654824574366918162049  1.01817764087121505963036  -0.127946017163372766534558  1.02292793464225179446512  -0.115010991002521262684209  0.975645958389491981248721  -0.318875606747508101124038  1.02375632146787625808421  -0.182342530244985955684926  0.993835844703514114197897  -0.321941749140644264693669  1.00128908661360504063573  -0.252511263373705908410419  1.01772217352409785487768  -0.0764482652156852737876554  1.01500647219435513525943  -0.231332574727634283679074  1.02103161837091532967124  -0.190402717256695651522076  1.02842602597725939434035  -0.186968777512145582786213  
5.15221195188726091129111  1.03532441454499855013928  -0.127385801951831469628782  1.03815221722172180258102  -0.112781421601385280575631  1.01454969662704419411207  -0.335971902353271594215533  1.04829930963921008645924  -0.182077802394470841020882  1.03548481165652398675991  -0.334474191568240968399674  1.03417696590854702354441  -0.260745402671151753619828  1.02769450205386265084946  -0.0743560259837912732614005  1.04600474588513321877285  -0.235096437880419655404524  1.04660290110234240968171  -0.191168152924051978804997  1.05361443505919975783484  -0.185572426228533752807625  
5.27787565803085264096173  1.05303171996275572285928  -0.124382703064048348796022  1.05338850022445494104568  -0.1083936098658004653153  1.05961565381504809802739  -0.349936280374876208527479  1.0737834453797285070133  -0.178297092056477993681721  1.08239523005503391164025  -0.342315214183114340841269  1.07078518197687405492415  -0.265102995932171139567037  1.03751332017456873951875  -0.0708837235848880921037021  1.07938178552676317535196  -0.234647694793657992897362  1.07346579666918197956248  -0.188334974578084616002619  1.07943011391559801233613  -0.180516972743506850992154  
5.40353936417444437063234  1.07093245976491626553218  -0.118650660437278275679759  1.06829606154648979279322  -0.101745258891126041461911  1.11167662049705604247404  -0.35909038783903160166203  1.09967954554107596033645  -0.170551247589996705981931  1.13462613186971855857525  -0.343721099185287123982087  1.11103507124273081032879  -0.264299077541257333620042  1.04696688764026059456549  -0.0660104004339268679352106  1.11466457322148143583521  -0.229054616585612635481888  1.10112194514435072698316  -0.18133597304128416720999  1.10528597078507856530001  -0.171452808393276838396391  
5.5292030703180360994356  1.08854637511530548247586  -0.109953629002975014758089  1.08248667640396652731612  -0.0927952227900338163222617  1.17138224046752447771776  -0.360957904176951962680556  1.12528382816507686056771  -0.158461318094512214311271  1.19176298283059370981731  -0.336480837102972024101576  1.15446904296582835574864  -0.256751340017665627033731  1.05582724813076435344504  -0.0597526708746512622211829  1.15104693983919054210783  -0.217343086643696298661472  1.12885790918999254510337  -0.169642250916787913780047  1.13045566394838061701281  -0.158131808729258970978252  
5.65486677646162782910622  1.10527963881153586198774  -0.0981500129074296068720177  1.09553673449739535407117  -0.0815823334284650834153079  1.2387734030664491305428  -0.351992114225287788516292  1.14971527933525971565138  -0.141786577189722996680506  1.25256949149352787517032  -0.317958524902387237984127  1.20001132505186636927931  -0.240645881336375437907016  1.06385805165516141349534  -0.052171561586749618189213  1.18730176266744704392797  -0.198612640164410747105903  1.1557201809785839257327  -0.152845075424392575310544  1.15408963843409018178773  -0.140461628127888042298415  
5.78053048260521955877683  1.12044316857465647580688  -0.083244047566913721908962  1.10700702880097286075634  -0.0682418488031630795262288  1.31245682627808755082652  -0.327432562545074442423264  1.17194148503221428638497  -0.120504201462115263343133  1.31453130583419594762992  -0.285355100367258794917449  1.24568374226882763581604  -0.214163396944359529447139  1.07082510073390536724236  -0.0433774755592848246168059  1.22173035536423343699278  -0.172223803570836919333382  1.18052289044415639361271  -0.130764711367545232015069  1.1752538640969760709229  -0.118559701196727549971002  
5.90619418874881128844745  1.13329600066082165324595  -0.0654353419946102774146842  1.11646990623952925862292  -0.0530161014804138094750133  1.38826907056317895941024  -0.281729332154376097013425  1.19084332840203991927142  -0.0948873629332454018804523  1.37342248096933920882817  -0.236361690340442482942038  1.28838352268554030203955  -0.175956505149544042095381  1.07650911370836843022371  -0.0335321327989803196249156  1.25220341850333825265296  -0.138049640804672603985707  1.20190978698586461634584  -0.103572353784639570659218  1.19299340662557937242389  -0.0927963722776578703711845  
6.03185789489240301811807  1.14311531788701230825164  -0.0451527709788422496636588  1.12354175895201814151022  -0.0362558243447838718354591  1.45780171572626959775563  -0.210343341061393615044114  1.20532188221188395855707  -0.0655602363706007275475848  1.42324733240941772962392  -0.170303593585281191452293  1.32395091467631005014306  -0.12589280399232395160332  1.08071966854041921627435  -0.0228464960587376504636123  1.27635322395993613757946  -0.0967401057812803578142254  1.21848569000297145400666  -0.0718940423433562217272325  1.206417362660069335519  -0.0638145595117314860182222  
6.15752160103599474778868  1.14928596446510783088413  -0.0230569520049834758619752  1.1279169832300780031446  -0.0184094979754309472788436  1.50840038171308841075287  -0.113480403261420084908906  1.21443707455039611733342  -0.0335047004560592611685553  1.45709279490414623820394  -0.0895068527493144417133287  1.34781044364133320307558  -0.0658450309356779769827958  1.08330881851519974243617  -0.0115741163056519981796764  1.29194133458780361603958  -0.0498927016208410891099224  1.22901146501598787193817  -0.0368517018513817559889232  1.21479455516811087186987  -0.0325147486495409026322151  
