0  1.281472329104785807803  0  1.18191600485855632409176  -4.07080435663814701167222e-21  1.26297908491429726766855  -3.23597877845902374829829e-24  1.14185772824782926263779  4.78936654473420158386812e-21  1.14187253446538818243104  3.876199915347009015326e-21  
0.15707963267948966192564  1.27443518085584696331557  0.056275696373765173455495  1.17804930234798959981166  0.0342777605041705062943335  1.25645623647235411747981  0.052408243889028917367217  1.1389581062733010426765  0.0263541295529742952713791  1.13925581326853240431238  0.0254467019346704826527619  
0.314159265358979323851281  1.25427939852435122380318  0.10814058200387748148811  1.16684886719088358084887  0.0664171112953805702669007  1.23776654265696197244721  0.100746198695165923186112  1.13053874885866795566274  0.0511548109186133460632808  1.1316066267845055482973  0.049620886565183906987428  
0.471238898038468985776921  1.22355568846555705971729  0.152129317160060093856331  1.14941171907933832574931  0.0946304900719134627889843  1.20925647885965574371888  0.141811533523937988540047  1.11737161177234489836327  0.0730862205270679431430678  1.11949118474373237935512  0.071401226147685609012977  
0.628318530717958647702562  1.18564884197549161672959  0.186254065004618991018264  1.12727418474392212448081  0.117710935895969263278028  1.17404215301235640084646  0.173758771476235876309101  1.10055070508395068623435  0.09123088170892105581495  1.10374330048313974109598  0.0899308154980079360715697  
0.785398163397448309628202  1.14396849818116992008113  0.210000324854729570323822  1.10210718413602021443793  0.135088429612420634978124  1.13526679825298921046664  0.196096550161558953392915  1.08128602502626162604454  0.105117654641285924772972  1.08533678591896638710671  0.104670459170016302870971  
0.942477796076937971553843  1.10139434824635550839566  0.223958700396626234635912  1.07546607600433832005807  0.146742176010189172226427  1.09559123699278727535021  0.209350995964389109365417  1.06072773885055377017603  0.11467182779102863620735  1.06526214308846650571233  0.115392134605430668230425  
1.09955742875642763342527  1.06005012932346113596442  0.229353106864990278311177  1.04864299296077898146148  0.153040367973952355724258  1.05698545911343210715761  0.214633902733812362314376  1.03985542282541316842  0.120111119052924708678286  1.04443184384237923705702  0.122129449822673605547242  
1.25663706143591729540512  1.02132127365021084085955  0.227644008207154002705391  1.02261706806809013980096  0.154573942089640473085931  1.02074335757732394854968  0.213279268470852866135886  1.01943360134632097677935  0.121831586941371556405064  1.02362346041657964999545  0.125107705603796150596423  
1.41371669411540695738497  0.985993104883608229482752  0.220268133658950422047685  0.998071371529001413682065  0.152022626567181163461501  0.987607978083115894171306  0.206604427746261250979729  1.0000155732686278422551  0.120311331581913035033353  1.00345759263237602220732  0.124672818506904039611443  
1.5707963267948966192564  0.954418019169861655518101  0.208501996464980139640117  0.975443006917867080831242  0.146064459094251971086557  0.957923587597874094190856  0.19578421635795011538435  0.981973618741800231672374  0.116042282197661404871127  0.984401210769320446846656  0.121230944511409560520807  
1.72787595947438628112783  0.926664273385220517789424  0.193411151781587963553082  0.954982126311339809523939  0.137323982597594334133326  0.931771287227618900267118  0.181803456802546962086937  0.965538414202259153329595  0.109488814088724050064205  0.966785987656217518833052  0.115203497029313395198585  
1.88495559215387594310769  0.902630542036436225958752  0.175848975780346032914961  0.936806481941854944975843  0.126348646447838101403768  0.909073678613991585585781  0.165454776334443101268312  0.95083733496390327035808  0.10106699540748373771751  0.950833116495972940451602  0.106997393811615225758284  
2.04203522483336560497912  0.882126690554407976319756  0.15647931834021590247663  0.920946133083401505974898  0.113603155038794256430975  0.889668922498021771158149  0.147358414222614127826912  0.93792691170928171840674  0.0911376101042898901418029  0.936678928149423149090731  0.0969879430522362165085354  
2.19911485751285526685055  0.8649272920345181582015  0.135807649047277491312401  0.907377515116130320741144  0.0994739320945907741876985  0.873360056172931666215384  0.12799001217769354849592  0.92681819870146375290763  0.0800073616835258103518525  0.924398143577560602143946  0.085511095959091105029844  
2.35619449019234492893882  0.850805330669864406142443  0.114212639011860879719785  0.89604816571316963687158  0.0842785051411352260081872  0.859946277307099045384125  0.107709027935291105046477  0.917495571300319388982018  0.0679343540373533841573387  0.914023402246395725819546  0.0728620595104000060211226  
2.51327412287183459081025  0.839552432360634182193643  0.0919746010964273127616386  0.886894042228358070261394  0.0682767074475117008848339  0.84924191544006149212024  0.0867844754881235419603411  0.909930132415545182107078  0.0551354113641748509043363  0.905560806933254922165485  0.0592979009745575045870099  
2.67035375555132425268168  0.830990389854881787950851  0.0692996763370628150114825  0.879851306381596563646174  0.0516820302366964732650677  0.841087400755047092455914  0.0654169348560729405913467  0.904088991090937006483378  0.0417938621341381421555618  0.899001792849113912900385  0.0450424574910859130288422  
2.82743338823081391476995  0.824977323943280142813997  0.0463398843754771753755727  0.874864129797249145145763  0.0346723577874300721759625  0.835355258719229554860083  0.0437568973709991359580219  0.899941509522755033649924  0.0280671066702021646777315  0.894331852023229699098165  0.0302924448905924203757608  
2.98451302091030357664138  0.821410713812315945584527  0.0232096985692920470766395  0.871889698457148643094636  0.0173998462273892455196586  0.831953161418259911361398  0.0219200141471107453563399  0.897463372531202211617504  0.0140937096589607452147471  0.891536668692862593118154  0.0152241001310052722757409  
3.14159265358979323851281  0.820228727040267198877994  -8.01439655223342660474502e-21  0.870901251124486833275328  -4.21354240808599194193777e-21  0.830825341543479164649333  -7.56194314896426810681531e-21  0.896639094782352905868734  1.97810533502434362759185e-22  0.890606144390553046245873  -3.42988308248870414659933e-21  
3.29867228626928290060108  0.821410713812315945638737  -0.0232096985692920471274614  0.871889698457148643148847  -0.0173998462273892455586221  0.831953161418259911415608  -0.0219200141471107454054678  0.897463372531202211454873  -0.0140937096589607452460873  0.891536668692862593063944  -0.0152241001310052723087752  
3.45575191894877256225567  0.824977323943280142813997  -0.046339884375477175382349  0.874864129797249145145763  -0.0346723577874300721793507  0.835355258719229554643243  -0.0437568973709991359546338  0.899941509522755033649924  -0.0280671066702021646845078  0.894331852023229699098165  -0.0302924448905924203757608  
3.61283155162826222434394  0.830990389854881787950851  -0.069299676337062815025035  0.879851306381596563754594  -0.0516820302366964732820084  0.841087400755047092455914  -0.0654169348560729406048993  0.904088991090937006483378  -0.0417938621341381421725025  0.899001792849113912900385  -0.045042457491085913049171  
3.76991118430775188621537  0.839552432360634182193643  -0.0919746010964273127684149  0.886894042228358070424025  -0.0682767074475117009051627  0.84924191544006149228287  -0.0867844754881235419874462  0.909930132415545182161289  -0.0551354113641748509178889  0.905560806933254922273906  -0.0592979009745575045768455  
3.9269908169872415480868  0.850805330669864406142443  -0.114212639011860879740114  0.89604816571316963687158  -0.084278505141135226028516  0.859946277307099045546755  -0.107709027935291105080359  0.917495571300319389144648  -0.0679343540373533841776675  0.914023402246395725927967  -0.0728620595104000060211226  
4.08407044966673120995823  0.8649272920345181582015  -0.135807649047277491298849  0.907377515116130320795354  -0.099473932094590774201251  0.873360056172931665998543  -0.127990012177693548455263  0.92681819870146375290763  -0.0800073616835258103383  0.924398143577560602143946  -0.0855110959590911050230678  
4.24115008234622087226334  0.882126690554407976319756  -0.156479318340215902503735  0.920946133083401505866478  -0.11360315503879425645808  0.889668922498021771158149  -0.147358414222614127854017  0.93792691170928171851516  -0.0911376101042898901553554  0.93667892814942314898231  -0.0969879430522362165288642  
4.39822971502571053370109  0.902630542036436225958752  -0.175848975780346032901408  0.936806481941854944975843  -0.126348646447838101390215  0.909073678613991585585781  -0.16545477633444310125476  0.95083733496390327024966  -0.101066995407483737724286  0.950833116495972940560022  -0.106997393811615225744731  
4.5553093477052001960062  0.926664273385220517897844  -0.193411151781587963607292  0.954982126311339809632359  -0.137323982597594334173984  0.931771287227618900375539  -0.181803456802546962141147  0.965538414202259153329595  -0.109488814088724050084533  0.966785987656217518995683  -0.115203497029313395232466  
4.71238898038468985787763  0.954418019169861655518101  -0.20850199646498013965367  0.975443006917867081048083  -0.146064459094251971113662  0.957923587597874094299276  -0.195784216357950115411455  0.981973618741800231563954  -0.116042282197661404864351  0.984401210769320446846656  -0.121230944511409560541135  
4.86946861306417951974906  0.985993104883608229482752  -0.220268133658950422047685  0.998071371529001413627855  -0.152022626567181163434396  0.987607978083115893954465  -0.206604427746261250952624  1.0000155732686278422551  -0.120311331581913035033353  1.00345759263237602220732  -0.124672818506904039611443  
5.02654824574366918162049  1.02132127365021084085955  -0.227644008207154002718943  1.02261706806809013969254  -0.154573942089640473085931  1.02074335757732394844126  -0.213279268470852866122333  1.01943360134632097699619  -0.121831586941371556452498  1.02362346041657965010387  -0.125107705603796150623528  
5.18362787842315884349192  1.06005012932346113596442  -0.229353106864990278311177  1.04864299296077898167832  -0.153040367973952355751363  1.05698545911343210726603  -0.214633902733812362341481  1.03985542282541316842  -0.120111119052924708685063  1.0444318438423792369486  -0.122129449822673605547242  
5.34070751110264850536336  1.10139434824635550839566  -0.223958700396626234635912  1.07546607600433832027491  -0.146742176010189172253532  1.09559123699278727524179  -0.209350995964389109365417  1.06072773885055377006761  -0.114671827791028636193797  1.06526214308846650592917  -0.115392134605430668271083  
5.49778714378213816723479  1.14396849818116991997271  -0.210000324854729570296717  1.10210718413602021432951  -0.135088429612420634937466  1.13526679825298921057506  -0.196096550161558953406468  1.08128602502626162593612  -0.105117654641285924772972  1.08533678591896638710671  -0.104670459170016302870971  
5.6548667764616278295399  1.18564884197549161694643  -0.186254065004618990950501  1.12727418474392212469765  -0.117710935895969263250923  1.17404215301235640095488  -0.173758771476235876227785  1.10055070508395068612593  -0.0912308817089210557404111  1.10374330048313974087914  -0.0899308154980079359699257  
5.81194640914111749097765  1.22355568846555705960887  -0.152129317160060093869884  1.14941171907933832564089  -0.0946304900719134627957605  1.20925647885965574361046  -0.141811533523937988553599  1.11737161177234489803801  -0.073086220527067943122739  1.1194911847437323792467  -0.0714012261476856090197532  
5.96902604182060715328276  1.25427939852435122380318  -0.108140582003877481420348  1.16684886719088358106571  -0.0664171112953805702397957  1.23776654265696197266405  -0.100746198695165923131902  1.13053874885866795555432  -0.0511548109186133460293995  1.13160662678450554840572  -0.0496208865651839069501586  
6.12610567450009681515419  1.27443518085584696342399  -0.056275696373765173404673  1.17804930234798959992008  -0.0342777605041705062672284  1.25645623647235411747981  -0.0524082438890289173130069  1.13895810627330104289334  -0.0263541295529742952391918  1.13925581326853240431238  -0.0254467019346704826222687  
