0  1.12459312379893653093162  9.19959831601784080692351e-22  1.13994336919881371404748  1.61513948447619616553232e-20  1.02395151790766075013041  1.29818939016221879277327e-20  1.12317133214489958247667  1.33958054660584923528885e-21  1.24879789451636961201356  8.78962750078003150996727e-21  1.0845981868112579824719  1.46714522976565137016827e-20  
0.15707963267948966192564  1.12225141623198500489406  0.0224830846184524250027151  1.137405021022593683451  0.0249687237725745498799013  1.02362620236969798382526  0.00387035989071378937458751  1.12071425943817555180224  0.0226924733817135000613595  1.24155296112035632349543  0.0524158333739708635125873  1.08324532929688760582356  0.0144452854847176014277291  
0.314159265358979323851281  1.11541557495981883069494  0.0438039777716015387299796  1.12997550587303871832533  0.0487262823358938858590243  1.02266162353840925933017  0.00762572573438327541012205  1.11356774057149477492792  0.0440978876020098720751525  1.22113178385047422972506  0.0996890274369068924489043  1.07926144350169411734956  0.0283183211723365931201295  
0.471238898038468985776921  1.1046163188942367754759  0.0629474831613237733755678  1.11818009388929799218133  0.0701964090640823946401147  1.02109118249751255099855  0.0111562239336019565906326  1.10235553297815710982726  0.063114975985329477934792  1.19088395671926578357324  0.13815925455081035582534  1.07286141675758102181568  0.0410933802607697777229886  
0.628318530717958647702562  1.09062805988073469737332  0.079152770877439603051896  1.10279957254505205598277  0.0885415333005679417745486  1.01896829076185484164695  0.0143617790909671718107415  1.08797030915486216010122  0.0789573679515578650634031  1.15488761889535734871982  0.166270693410263062202094  1.06437495699197074566777  0.0523298089702693200843744  
0.785398163397448309628202  1.07434365806499382636503  0.0919593624349064774807852  1.08475761856556848186824  0.103216279551264839410389  1.01636326222302427857002  0.0171559745718477474276005  1.07141302456270075510025  0.0911979288101758282705095  1.11679099369208021633355  0.184253158717905443018644  1.05421063236187332169767  0.0616969596462791263272434  
0.942477796076937971553843  1.05665712459287654072758  0.101193978950066269085302  1.06500812989566878848623  0.11396862620661932059764  1.01335946241265588516501  0.0194688418603770428531342  1.05365129403855939274701  0.0997366846312074540725073  1.07925896878394233938461  0.193380581057463468404659  1.04281649199406109725097  0.0689835083762672029376439  
1.09955742875642763342527  1.03837769513714291310085  0.106917456923687681616441  1.0444443378265729218627  0.120800772185533883179478  1.01004910425707601564094  0.021248470718961510133151  1.03552523376785367867185  0.10472324957626836472945  1.04394440548762962111227  0.195298400853958513965006  1.03064380392957235469537  0.0740926966455032248368411  
1.25663706143591729540512  1.02018230741262895457534  0.109355421066168592513336  1.0238399978144619800963  0.123908060044379552403415  1.00652906488588948482124  0.022461474484921669432947  1.01770467051172877289734  0.106467036503681250546403  1.01170971794066097437272  0.191607484888402770950057  1.01811833630578394576695  0.0770273765130836147595368  
1.41371669411540695738497  1.00260123095864040235984  0.108831401315268370304842  1.00382235355805926179263  0.123613140701402017914605  1.00289703442744343106496  0.0230924595004926141712624  1.00068603788087222240463  0.105358090613675598211157  0.982890689225094488310625  0.183677922934597815892745  1.00562104925521564877718  0.0778695209242443524245373  
1.5707963267948966192564  0.986026241055582989940287  0.105712687989983694365585  0.984870106200336247088967  0.120307240097358977078297  0.999248214991841880055524  0.0231427209495362055837863  0.984812752486969758753451  0.101808477713118196905564  0.957510960922367214290338  0.172603768157489241346844  0.993477911949932820327019  0.0767583747088548928438206  
1.72787595947438628112783  0.970730783206483827227264  0.100371978158035410539674  0.967327526222067623010159  0.114404353636420889672514  0.995672687336919023167337  0.0226284167233237716934657  0.970305343120556778365587  0.0962148296413528883376954  0.935429364891212797360285  0.159224557319117214032557  0.981957220350051837218751  0.0738702551749294552901285  
1.88495559215387594310769  0.956894223266304864213439  0.0931634621669148575587392  0.951426697968445332263213  0.106309509753371134253407  0.992253471267123660114803  0.0215784626828525806280148  0.957292422255474401669717  0.0889380671234489233838161  0.916431580275760685849566  0.144169719079967898237808  0.97127226618898805112455  0.0694017148553854552124782  
2.04203522483336560497912  0.944625358093720969608967  0.0844101668088248341924058  0.937312025556737529936348  0.0963994903258721455162512  0.989065234348801644787604  0.0200323580816079337900242  0.94583794466168878754906  0.0802951805856288074392723  0.900283260452263412159518  0.127904853705353672855129  0.961587270604904004471427  0.0635566985542741098440559  
2.19911485751285526685055  0.933982823064798125937448  0.0743991645451160346251074  0.925063384061217259288039  0.0850132705789035152880821  0.986173556074691431516492  0.0180381012517976032911819  0.935963153389082314667202  0.0705585638460390899060317  0.886758924637702304236923  0.110771837171865075748938  0.953024873165630490349197  0.0565375926694105057450628  
2.35619449019234492893882  0.924991632429883909758891  0.0633818088422440975153753  0.914716103623942640118202  0.0724493578436632278968283  0.983634629997370505002062  0.0156503034731606235408809  0.927663247519120099662208  0.0599595750109973027545387  0.875656520938528298110201  0.0930208928549934002371073  0.945673940987379968296008  0.0485396614158036076284606  
2.51327412287183459081025  0.917655963562143187821438  0.0515769118518992278072787  0.90627718677796478331278  0.0589676400878348251402539  0.98149528028611859740071  0.0129285606429493629047998  0.920919524151841876612352  0.048694137570742397077379  0.866803936479000234846277  0.07483528051478131351787  0.939596901052696739035496  0.0397482102180043789864698  
2.67035375555132425268168  0.911968681396501644107443  0.0391754732124243562328713  0.899737857089642873180315  0.0447939484274508581122701  0.979793176204567737186835  0.00993610205709582188654278  0.915707938276740295979045  0.036929077890762274013212  0.860061230044963375600611  0.0563500195527026468108656  0.934836143044091183288997  0.0303378185159538995638718  
2.82743338823081391476995  0.907918199109232713407431  0.0263461062525527846362393  0.895082864219215902125415  0.0301261029841472425215565  0.978557142982377124935164  0.00673870467990766053057198  0.912004959136700228477471  0.0248085042019166473234015  0.855320783467956353908913  0.0376661106966083186955313  0.931419279038226287663251  0.0204730663422403845406994  
2.98451302091030357664138  0.905493225586408734771853  0.013240686869201909140213  0.892297062645516904399231  0.0151406705478177582486793  0.977807486337586829756429  0.00340383925266120723532033  0.909791437794118749851982  0.0124599203136049415523189  0.852506616898180513035906  0.0188615255001280991765705  0.929363193412443054457466  0.0103102889275526493960769  
3.14159265358979323851281  0.904685842392825645484188  1.52622322062688798658979e-22  0.891369740090384328739387  7.17682182412413593374599e-21  0.977556267690414919843255  1.11799108665626213125318e-20  0.909055016461704998363517  8.95636365130641911002419e-22  0.851573556038037360652569  -9.18335242468526109891836e-21  0.928676892810773429976466  1.01716584230019205536684e-20  
3.29867228626928290060108  0.905493225586408734934483  -0.0132406868692019091639299  0.892297062645516904399231  -0.0151406705478177582757844  0.977807486337586829919059  -0.00340383925266120725903725  0.909791437794118749689352  -0.0124599203136049415590952  0.852506616898180513306957  -0.01886152550012809921384  0.929363193412443054077995  -0.0103102889275526494130175  
3.45575191894877256225567  0.907918199109232713353221  -0.0263461062525527846362393  0.895082864219215901854364  -0.0301261029841472425283328  0.978557142982377124989374  -0.00673870467990766050346693  0.912004959136700228423261  -0.0248085042019166473437303  0.855320783467956353908913  -0.0376661106966083187090838  0.931419279038226287392201  -0.0204730663422403845474757  
3.61283155162826222434394  0.911968681396501644378493  -0.0391754732124243562803052  0.899737857089642873288735  -0.0447939484274508581325988  0.979793176204567737132625  -0.00993610205709582194075289  0.915707938276740296087465  -0.0369290778907622740335408  0.860061230044963375546401  -0.0563500195527026468379707  0.934836143044091183017946  -0.0303378185159538996045294  
3.76991118430775188621537  0.917655963562143187984069  -0.0515769118518992277937262  0.90627718677796478309594  -0.0589676400878348251334777  0.98149528028611859740071  -0.0129285606429493629047998  0.920919524151841876503932  -0.0486941375707423970638265  0.866803936479000234846277  -0.0748352805147813135246463  0.939596901052696739035496  -0.0397482102180043789864698  
3.9269908169872415480868  0.924991632429883909650471  -0.0633818088422440975018227  0.914716103623942640172412  -0.0724493578436632279103809  0.983634629997370505002062  -0.0156503034731606235408809  0.927663247519120099933258  -0.0599595750109973027816438  0.875656520938528298001781  -0.0930208928549934002642124  0.945673940987379968296008  -0.0485396614158036076420132  
4.08407044966673120995823  0.933982823064798125883238  -0.074399164545116034665765  0.925063384061217259288039  -0.0850132705789035153151872  0.986173556074691431137021  -0.018038101251797603318287  0.935963153389082314558781  -0.0705585638460390899195842  0.886758924637702304291133  -0.11077183717186507576249  0.953024873165630490078146  -0.0565375926694105057857204  
4.24115008234622087226334  0.944625358093720969663177  -0.0844101668088248341788532  0.937312025556737530098978  -0.0963994903258721455569088  0.989065234348801644733394  -0.0200323580816079338171292  0.94583794466168878733222  -0.0802951805856288073986148  0.900283260452263412105308  -0.127904853705353672841576  0.961587270604904004363007  -0.0635566985542741098440559  
4.39822971502571053370109  0.956894223266304864213439  -0.0931634621669148575993967  0.951426697968445332371634  -0.106309509753371134280512  0.992253471267123660440063  -0.0215784626828525806009097  0.957292422255474401452877  -0.0889380671234489233702636  0.916431580275760685903776  -0.144169719079967898264913  0.97127226618898805101613  -0.0694017148553854552124782  
4.5553093477052001960062  0.970730783206483827064634  -0.100371978158035410593884  0.967327526222067623010159  -0.114404353636420889672514  0.995672687336919023329967  -0.0226284167233237716663607  0.970305343120556778474008  -0.0962148296413528883648004  0.935429364891212797414495  -0.159224557319117214046109  0.981957220350051837381381  -0.0738702551749294552901285  
4.71238898038468985787763  0.986026241055582990048707  -0.105712687989983694365585  0.984870106200336246980546  -0.120307240097358977078297  0.999248214991841880055524  -0.0231427209495362056379964  0.984812752486969758590821  -0.101808477713118196878459  0.957510960922367214181918  -0.172603768157489241265529  0.99347791194993282048965  -0.0767583747088548928709257  
4.86946861306417951974906  1.00260123095864040246826  -0.108831401315268370304842  1.00382235355805926200947  -0.123613140701402017914605  1.00289703442744343117338  -0.0230924595004926141170523  1.00068603788087222262147  -0.105358090613675598265367  0.982890689225094488364835  -0.183677922934597815906297  1.0056210492552156488856  -0.0778695209242443524245373  
5.02654824574366918162049  1.0201823074126289543585  -0.109355421066168592567546  1.02383999781446197966262  -0.12390806004437955243052  1.0065290648858894846044  -0.0224614744849216695142622  1.01770467051172877300576  -0.106467036503681250573508  1.01170971794066097437272  -0.191607484888402770922952  1.01811833630578394598379  -0.0770273765130836147053267  
5.18362787842315884349192  1.03837769513714291288401  -0.106917456923687681589336  1.04444433782657292218796  -0.120800772185533883152373  1.0100491042570760154241  -0.0212484707189615101060459  1.03552523376785367856343  -0.10472324957626836467524  1.04394440548762962089543  -0.195298400853958513883691  1.03064380392957235469537  -0.0740926966455032248368411  
5.34070751110264850536336  1.05665712459287654061916  -0.101193978950066269058197  1.06500812989566878891991  -0.11396862620661932059764  1.01335946241265588538185  -0.0194688418603770428260292  1.05365129403855939285543  -0.0997366846312074540725073  1.07925896878394233970987  -0.193380581057463468377553  1.04281649199406109746781  -0.0689835083762672028021186  
5.49778714378213816723479  1.07434365806499382603977  -0.0919593624349064775078903  1.08475761856556848186824  -0.103216279551264839410389  1.01636326222302427857002  -0.0171559745718477474276005  1.07141302456270075499183  -0.0911979288101758282434044  1.11679099369208021579145  -0.184253158717905442937329  1.05421063236187332169767  -0.0616969596462791263272434  
5.6548667764616278295399  1.09062805988073469748174  -0.079152770877439603051896  1.10279957254505205663329  -0.0885415333005679418287587  1.01896829076185484164695  -0.0143617790909671718378466  1.0879703091548621599928  -0.0789573679515578651447183  1.1548876188953573486114  -0.166270693410263062147884  1.0643749569919707457762  -0.0523298089702693201385846  
5.81194640914111749097765  1.10461631889423677569274  -0.0629474831613237734297779  1.11818009388929799196449  -0.0701964090640823946672198  1.02109118249751255121539  -0.0111562239336019566448427  1.10235553297815710971884  -0.0631149759853294779212395  1.19088395671926578379008  -0.138159254550810355893103  1.07286141675758102170726  -0.0410933802607697776958836  
5.96902604182060715328276  1.11541557495981883091178  -0.0438039777716015386757695  1.12997550587303871843375  -0.0487262823358938858183667  1.02266162353840925965543  -0.00762572573438327541012205  1.11356774057149477471108  -0.0440978876020098720344949  1.22113178385047422950822  -0.0996890274369068924217993  1.07926144350169411734956  -0.028318321172336593133682  
6.12610567450009681515419  1.12225141623198500500248  -0.0224830846184524249620575  1.13740502102259368366784  -0.0249687237725745498663488  1.02362620236969798382526  -0.00387035989071378938136377  1.12071425943817555191066  -0.0226924733817135000342544  1.24155296112035632306175  -0.0524158333739708634448247  1.08324532929688760625724  -0.0144452854847176014074003  
