0  1.04313162722886599372181  6.9062271440888013686957e-21  1.08247026660331650219776  -1.48467225975091211693379e-20  1.00557038376304134672749  -1.19146111558479573707025e-20  1.02942538039277452937593  -4.06772352839221996804457e-21  1.02883360116562067780675  5.73547751882387820960611e-21  
0.125663706143591729535091  1.04272175838578859939382  0.00575416049149376599986926  1.08155067301333723578556  0.0116230854082153932512952  1.00552535571764648208559  0.00070390464300075945023108  1.02916149799898248178888  0.00384950087332324088912078  1.02857567882814613248032  0.00376887470847155128794975  
0.251327412287183459070183  1.04150411314525884794863  0.011379645894319751799062  1.07883212036151798914833  0.0229047431203328284504087  1.00539105319166884261548  0.00139615272824051539469169  1.02837635260055906057542  0.00762144834403410566096328  1.02780821769284659496658  0.0074621711696287358628072  
0.376991118430775188632379  1.03951384186531662061782  0.0167530990161008279479976  1.07443110929917846234957  0.0335266451312380226932024  1.00516980388836666261785  0.00206530802481073795691391  1.02708914370120606997759  0.0112408374540534872155963  1.02654984263839776036618  0.0110067676254894942480724  
0.502654824574366918140365  1.03680717089079961067306  0.0217613350087960634915343  1.06852869306929044556764  0.0432132884889745125548896  1.00486543083964069325142  0.00270036895493775048505969  1.02533087904550011316453  0.0146375901839715224161346  1.02483064578777564217552  0.014334293684608717141379  
0.628318530717958647702562  1.0334581553976601139876  0.0263053395584351539784537  1.06135345185088668330722  0.0517458169146607556713926  1.00448316981892840291102  0.00329097120764363908359228  1.02314298148535141733725  0.0177486141371695449421228  1.02269085134538778678482  0.0173831208371018637983199  
0.753982236861550377264758  1.02955465595949646219736  0.0303031429384528288543  1.05316212153208680799791  0.058968782336020610286044  1.00402955782995918906572  0.00382757348244273847633241  1.02057551245365462722157  0.0205194281146931692253778  1.02017911085432159826788  0.0200999402244181732857427  
0.879645943005142106772744  1.02519394654983449569063  0.0336914538698562402645013  1.04422077575770370189926  0.0647901208326957343949445  1.00351229647825583102608  0.00430162198440427569808703  1.01768515594407106777779  0.0229052879865154154781243  1.01735056535919078375511  0.0224408632782843634292155  
1.00530964914873383628073  1.02047834810280886575461  0.0364260856964549324633288  1.03478877768245839557145  0.0691756997627552050521369  1.00294009471709272491094  0.00470569023694191062071567  1.01453311220418166001787  0.0248717956116045512196533  1.01426481641631524729073  0.0243720274807456128258413  
1.13097335529232556584293  1.01551121705310759795859  0.0384813278658723027444988  1.02510674443364726920146  0.072140328544203528876198  1.00232249589264788285255  0.00503359182303163887385079  1.01118303890941951274883  0.0263950185186716073629416  1.01098393754861485117989  0.0258697321905556117550146  
1.25663706143591729540512  1.01039352285049102231698  0.0398484936926266319868421  1.01538882702534547506409  0.0737371398840765665853251  1.00166969418661559569367  0.00528046473929504021102392  1.00769915345339551668996  0.0274611833834092646357619  1.00757063532209285893274  0.0269201632688308328572764  
1.3823007675795090248589  1.00522114410011082288876  0.0405339079390534855944304  1.00581890916484805462497  0.0740469075824235094035117  1.00099234548053203598325  0.00544282708407694624098798  1.0041445784830403958757  0.0280660292353429800631115  1.00408663965879070068595  0.0275187874230875973303578  
1.50796447372310075452952  1.00008291766351219706857  0.0405565911615044549006631  0.99654993682088238325309  0.0731683725346029142054538  1.00030137737325502283493  0.00551860474272909961061459  1.00057997926405626014541  0.0282139164641881251560391  1.0005913712978933524959  0.0276695073656203800597283  
1.63362817986669248398329  0.995059400085847863849913  0.0399458635365040541469195  0.987705469046904414994956  0.0712101605197658619637521  0.99960780261276725131318  0.00550713253600851397303109  0.997062510296339579761796  0.0279167866782962389938984  0.99714090464753524076973  0.0273836684702844842674747  
1.75929188601028421354549  0.990222250517881954026168  0.0387390417350248601692422  0.979382603575558142777659  0.0682844850383287228627084  0.998922539604753373203294  0.00540913093101040337758179  0.993645062783478715852381  0.0271930590688509106250727  0.99378721949138807659381  0.0266789991534308953838664  
1.88495559215387594310769  0.985634117843476116941053  0.0369793493978331197816981  0.971655589200855173022658  0.0645025651269200610098391  0.998256242984971079595675  0.00522666086401248788212946  0.990375785542988665603129  0.026066534311242846853364  0.990577716564896523755105  0.0255785536408066883592213  
2.01061929829746767256146  0.98134890763801368475383  0.034714112767383996529082  0.964579622760455511194626  0.0599715412120481796158424  0.997619146540299971852913  0.00496305949103180451642374  0.987297839873353057183955  0.0245653601205832534308624  0.987554960110653460420276  0.0241097098746898359431217  
2.13628300444105940223208  0.977412311185469170633083  0.0319932725426781345342414  0.958194500063403873627195  0.0547926133681952450395301  0.997020920079225135134338  0.00462285977703154354239226  0.984449343005898373684236  0.0227210957025608663534342  0.984756604500973786449174  0.0223032592882403906775317  
2.26194671058465113168585  0.973862493540082221150835  0.0288682126802682837893831  0.95252792824945414296503  0.049060124933116547991073  0.996470541223359216936786  0.0042116967801829404305803  0.981863453798350801387303  0.0205678970923588482139829  0.982215460724544195858683  0.0201926105669006917511972  
2.38761041672824286135647  0.97073085598727354607199  0.0253908863156513567131689  0.947598407624061806733742  0.0428613445416900376658959  0.995976182545302625838488  0.00373620331128131954773371  0.979568556853862808372554  0.0181418326298995889658133  0.979959660653167127244111  0.0178131172029761742552165  
2.51327412287183459081025  0.968042806975874582512461  0.0216132067417928156903215  0.943417657835928101202946  0.0362767429955974968105829  0.995545114033145428923243  0.00320389738152691158309428  0.977588505947397229487329  0.0154803278759119238548476  0.97801288128250327266397  0.0152015289514345498648497  
2.63893782901542632048086  0.965818492628437803436577  0.0175866655206421165465788  0.939992603350536103101742  0.0293806066444746246968953  0.995183620527748202463925  0.00262306352629902928214403  0.975942893414672198279698  0.0126217320161416186766017  0.976394596531168579257257  0.0123955601382171746641494  
2.7646015351590180497178  0.964073452255648865260283  0.0133621383836920308460462  0.937326953817899904963795  0.0222418700263559771174767  0.994896933557219724378676  0.00200262973880447357809351  0.974647318195473798469516  0.00960499286899008723988706  0.975120329900736809074311  0.00943356283861174469459587  
2.89026524130260977938842  0.962819175588918866335111  0.00898984091015188630516752  0.935422422378325714442671  0.0149250847965998073799284  0.99468917687878958866542  0.00135204139326580480198053  0.973713630989403060799446  0.00646942452964106982547191  0.974201886821187344332913  0.00635428979669005591842399  
3.01592894744620150905903  0.962063546845698688771576  0.00451939871134190761730416  0.934279623967464448706672  0.00749146890259605968576009  0.994563325021469542969177  0.000681133206590165769984697  0.973150140184211895658887  0.00325454995814955550545531  0.973647550536118552898333  0.00319673013686752887320603  
3.14159265358979323829597  0.961811166657516763631164  5.59660034365219999939212e-21  0.933898689632623014414328  -3.22201503212627720196859e-21  0.994521174189637640434755  -6.50481664058157817649537e-22  0.972961766749528735335681  -2.09228847150408629147387e-21  0.973462229805086765607822  1.92812130181617787074634e-21  
3.26725635973338496796659  0.962063546845698688500526  -0.00451939871134190761391603  0.934279623967464448544042  -0.00749146890259605969592449  0.994563325021469543023387  -0.000681133206590165763208433  0.973150140184211895658887  -0.00325454995814955549867905  0.973647550536118553060963  -0.00319673013686752886304164  
3.3929200658769766976372  0.962819175588918866064061  -0.00898984091015188631872005  0.935422422378325713737939  -0.0149250847965998073663759  0.994689176878789588557  -0.0013520413932658048087568  0.973713630989403060419975  -0.00646942452964106983902444  0.974201886821187344224493  -0.00635428979669005594552904  
3.51858377202056842709098  0.964073452255648865422914  -0.0133621383836920308053886  0.937326953817899905343266  -0.0222418700263559771039242  0.994896933557219724378676  -0.00200262973880447356454099  0.974647318195473798577936  -0.00960499286899008723988706  0.97512032990073680880326  -0.00943356283861174470814839  
3.64424747816416015676159  0.965818492628437803544997  -0.0175866655206421165601313  0.939992603350536103210162  -0.0293806066444746247375529  0.995183620527748202897605  -0.00262306352629902936345919  0.975942893414672197954438  -0.0126217320161416187308118  0.976394596531168579365677  -0.0123955601382171746641494  
3.76991118430775188621537  0.968042806975874582512461  -0.0216132067417928157716366  0.943417657835928101528206  -0.0362767429955974968512405  0.995545114033145428760613  -0.00320389738152691161019933  0.97758850594739723002943  -0.0154803278759119238277425  0.978012881282503272447129  -0.0152015289514345499190598  
3.89557489045134361566915  0.97073085598727354645146  -0.0253908863156513567944841  0.947598407624061806787952  -0.0428613445416900376387908  0.995976182545302625621648  -0.00373620331128131957483876  0.979568556853862808047294  -0.0181418326298995889929184  0.97995966065316712686464  -0.0178131172029761742823216  
4.02123859659493534512292  0.973862493540082221313466  -0.028868212680268283762278  0.952527928249454143236081  -0.049060124933116548018178  0.996470541223359216882575  -0.00421169678018294048479041  0.981863453798350801333093  -0.0205678970923588482410879  0.982215460724544195858683  -0.0201926105669006917783023  
4.14690230273852707479354  0.977412311185469170633083  -0.0319932725426781345613465  0.958194500063403873627195  -0.0547926133681952450937402  0.997020920079225135134338  -0.00462285977703154356949732  0.984449343005898373575816  -0.0227210957025608663534342  0.984756604500973786394964  -0.0223032592882403905962165  
4.27256600888211880446416  0.98134890763801368464541  -0.0347141127673839965832921  0.964579622760455511086206  -0.0599715412120481795616323  0.997619146540299971202392  -0.0049630594910318045977389  0.987297839873353057292375  -0.0245653601205832534850725  0.987554960110653460040805  -0.0241097098746898360515419  
4.39822971502571053413477  0.985634117843476116670003  -0.0369793493978331199443284  0.971655589200855172317926  -0.0645025651269200610911543  0.998256242984971079053574  -0.00522666086401248801765473  0.990375785542988665548919  -0.0260665343112428469617842  0.990577716564896523158794  -0.0255785536408066885218516  
4.52389342116930226337171  0.990222250517881953971958  -0.0387390417350248601421371  0.979382603575558142723449  -0.0682844850383287227813933  0.998922539604753372932244  -0.00540913093101040345889695  0.993645062783478715852381  -0.0271930590688509105979677  0.993787219491388076214339  -0.0266789991534308953296563  
4.64955712731289399304233  0.995059400085847863849913  -0.0399458635365040540384993  0.987705469046904415320216  -0.0712101605197658620179622  0.99960780261276725158423  -0.00550713253600851391882098  0.997062510296339579599165  -0.0279167866782962390752136  0.997140904647535240607099  -0.0273836684702844842674747  
4.77522083345648572271294  1.00008291766351219685173  -0.0405565911615044548735581  0.996549936820882383036249  -0.0731683725346029140699285  1.00030137737325502305177  -0.00551860474272909961061459  1.00057997926405625960331  -0.0282139164641881250747239  1.00059137129789335217064  -0.0276695073656203799784131  
4.90088453960007745238356  1.00522114410011082288876  -0.0405339079390534856757455  1.00581890916484805484181  -0.0740469075824235094035117  1.00099234548053203630851  -0.00544282708407694637651325  1.00414457848304039620096  -0.0280660292353429800631115  1.00408663965879070090279  -0.0275187874230875974929881  
5.02654824574366918162049  1.01039352285049102231698  -0.0398484936926266319055269  1.01538882702534547495567  -0.0737371398840765665853251  1.00166969418661559558525  -0.00528046473929504015681381  1.00769915345339551668996  -0.0274611833834092645815518  1.00757063532209285914958  -0.0269201632688308328301714  
5.15221195188726091129111  1.01551121705310759774175  -0.0384813278658723029071291  1.02510674443364726963514  -0.0721403285442035287677778  1.00232249589264788317781  -0.00503359182303163884674574  1.01118303890941951296567  -0.0263950185186716074442568  1.01098393754861485074621  -0.0258697321905556117279095  
5.27787565803085264096173  1.02047834810280886542935  -0.0364260856964549325988541  1.03478877768245839578829  -0.0691756997627552050521369  1.00294009471709272480252  -0.00470569023694191062071567  1.01453311220418166023471  -0.0248717956116045512467583  1.01426481641631524707389  -0.0243720274807456127987362  
5.40353936417444437063234  1.02519394654983449558221  -0.0336914538698562403187114  1.04422077575770370168242  -0.0647901208326957344220496  1.00351229647825583026714  -0.00430162198440427577940219  1.01768515594407106723569  -0.0229052879865154154510193  1.01735056535919078397195  -0.0224408632782843633750054  
5.5292030703180360994356  1.02955465595949646263104  -0.0303031429384528286916697  1.05316212153208680832317  -0.058968782336020610286044  1.0040295578299591894994  -0.00382757348244273844922736  1.02057551245365462711315  -0.0205194281146931691169576  1.02017911085432159848472  -0.0200999402244181730689022  
5.65486677646162782910622  1.03345815539766011463812  -0.026305339558435154113979  1.0613534518508866831988  -0.051745816914660755861128  1.00448316981892840291102  -0.00329097120764363919201249  1.02314298148535141722883  -0.017748614137169545050543  1.02269085134538778711008  -0.0173831208371018639067401  
5.78053048260521955877683  1.03680717089079961121516  -0.0217613350087960635457444  1.0685286930692904458929  -0.0432132884889745125006795  1.004865430839640693143  -0.0027003689549377505392698  1.02533087904550011316453  -0.0146375901839715224161346  1.02483064578777564195868  -0.0143342936846087170871689  
5.90619418874881128844745  1.03951384186531662115992  -0.0167530990161008280293128  1.07443110929917846234957  -0.0335266451312380228016227  1.00516980388836666250943  -0.00206530802481073792980885  1.02708914370120606997759  -0.0112408374540534871342812  1.02654984263839776079986  -0.0110067676254894940854421  
6.03185789489240301811807  1.04150411314525884816547  -0.0113796458943197516364317  1.07883212036151798893149  -0.0229047431203328283690936  1.00539105319166884283232  -0.00139615272824051531337652  1.02837635260055906025016  -0.00762144834403410555254306  1.02780821769284659594236  -0.0074621711696287358628072  
6.15752160103599474778868  1.04272175838578859993593  -0.00575416049149376598631674  1.08155067301333723676134  -0.0116230854082153931293225  1.00552535571764648251927  -0.000703904643000759396020971  1.02916149799898248276466  -0.00384950087332324083491068  1.02857567882814613313084  -0.00376887470847155122018711  
