0  5.52091647536214848819222  0  3.50591731093786680402771  1.02029352260224933361093e-20  3.71099315471587231133298  -4.08809677546867512335418e-21  2.78929407676819598235068  -1.27776661963089493176186e-20  2.49719279679000670068949  -5.01873678773004752340231e-21  3.23882958270467948827184  -3.83056811589727273666239e-21  3.64772868430413928697228  -3.9478603744656055646789e-20  4.41171647618259791731599  -6.59210448567117543522948e-21  
0.0897597901025655211032701  5.09053284440354889125654  1.44072245015833929628578  3.34667121107362867840455  0.657269767002815018274754  3.52264682382882640199542  0.746175408040492718305704  2.72012847017090896614526  0.384604954926404873487853  2.44870015429512977926489  0.298675227980668948121051  3.15171355660717129247399  0.49369664836673843454789  3.51206640505378931121222  0.650841730625894117931267  4.16655978604655639853035  0.962742068835358281238442  
0.17951958020513104220654  4.14337125886650634162475  2.31930073196878172147456  2.96681864014754440744305  1.12639108858574953932717  3.07630497522392343549488  1.26573708279341818564584  2.5369903776209133412084  0.703415073923139041133217  2.3172352902831991063818  0.554968912801237801077619  2.9167399601691108854476  0.908116133904165590776808  3.16396079400244662079532  1.15932672752929646529333  3.58525441499017832338268  1.63057785262665699041029  
0.269279370307696563316587  3.17557379993251653080115  2.63680811154425738139159  2.53170673503181615756133  1.37606165818502488391514  2.57295467862084943524818  1.52278895584913304996066  2.29297339931047232256325  0.925194165473141191108602  2.13522758082916774054899  0.74518860892399680387289  2.59566119667086151368181  1.1990166334542841119256  2.72428724676620378380466  1.4708724568767712228938  2.92886312395147645009329  1.95589087998022154418331  
0.35903916041026208441308  2.39297907283008700609836  2.62258214374120958304118  2.13607813289547796963691  1.46763245703066043000226  2.12680838525354740878998  1.59525002667687467567369  2.03654560999968356764696  1.05415759877421519341047  1.93567135652952078015906  0.867365878006988375785273  2.25199187112614968952866  1.36427525302961793313671  2.29121757696869238663147  1.61072856419645678521888  2.34687408262193994033448  2.03862201655570465168126  
0.448798950512827605482469  1.81373169784722557986139  2.45466823670567076197228  1.8075280061786588344918  1.46553659241690225668604  1.76823741499329938487838  1.56421428480724981490042  1.79694390966366489216684  1.11109649668391004956325  1.74162765629097606692906  0.932486187863590540447767  1.92954302264267549727079  1.42774171050052919851574  1.91351079221764213745584  1.63185900768355229156509  1.88077951107304677347103  1.98409829990912067352541  
0.538558740615393126633173  1.39981603356088396029888  2.23130643310390019344418  1.54431299375955027397903  1.41302328812121121741699  1.49105279172197725172464  1.48288424891650692295265  1.58664929749384185381916  1.11836464938277141477167  1.56526673420072992060949  0.955194184327045003716789  1.64960989390854696875956  1.4203199623825478946056  1.60425152845441614012437  1.58200202908228425909432  1.5240110964446737496468  1.86280283713050468787868  
0.628318530717958647702562  1.107997970090498427863  2.00033272920036319926333  1.3362390978625280330656  1.33565438666738384621176  1.27947853143410680896823  1.38111727755704766077739  1.40823322893999529977112  1.09391811956342490709266  1.41106972349189270466915  0.948736533813149697253603  1.4175692246310394843559  1.36905756254032480673331  1.35919278456057797312834  1.49473933990902662087737  1.25637352975447953555305  1.71529557720964006108447  
0.718078320820524168826161  0.90304089918720322296454  1.7828601608366699131673  1.17233813619133819328762  1.24792966409587190472139  1.11806703117577123450088  1.2744680007663770785007  1.25958924125058981623431  1.05052930965090812222285  1.27918936355280870133862  0.923370263504734643388461  1.23032600643921948089382  1.29378228805319032577656  1.16811563715900484103707  1.39106455499692177764631  1.05721175087889027372802  1.56319610045210670825136  
0.807838110923089689895549  0.758999263802546676000935  1.58671114041882836351045  1.04310553377224330025286  1.15789927128754867985926  0.99428961553863754103174  1.17056810525634771348071  1.13688484426819280757436  0.996744089949372088534096  1.16774656651512567231629  0.886433582879234057707273  1.08143363828282361113232  1.20759384067670434150747  1.02013657111986722608992  1.28317428427637378655045  0.909274115141024610355081  1.41723029913399229285254  
0.897597901025655210964938  0.657517902644260636652127  1.41340569205798610350443  0.94088239801920160233252  1.06990360403002414933522  0.898642658564841039056832  1.07284153718160358171197  1.03599283722945395233052  0.93807270189500221654888  1.07413472273799667723506  0.842941980145588482073882  0.963859537997686807025977  1.11853216806146585186616  0.905696108964280520285152  1.17771003412584761846967  0.799213885612092476984098  1.28212865870267180218919  
0.987357691128220732034327  0.585816026383386377282287  1.26167734824923203739832  0.859676146408778276168314  0.986150201377854683266067  0.824096576801826036164263  0.982534363796421058114862  0.953101111190198957033234  0.87796483911020590607064  0.995676312143016899744788  0.796220150730009137117482  0.871210208349979811138543  1.03121245428939749537878  0.817042029482969457015486  1.07798965945132199206313  0.717055160493995342920609  1.15943326202609531532395  
1.07711748123078625326635  0.535034928831913816438346  1.12919870261486503368233  0.79485459854607003253547  0.907622883711154058853417  0.765488560503478966050121  0.899797462473110108531482  0.88492056335468921037489  0.818511215585969162551998  0.929914088228297784329349  0.748416741554032064853534  0.798130722914609941679148  0.948071997976308207859396  0.748124099467804845456972  0.985414549596597348960457  0.655459097400019370465406  1.04906363028422401411852  
1.16687727133335177433573  0.499026922418915767204733  1.01340000432605852867442  0.742851736447500777876449  0.834610472775651758038651  0.719020936475025878166327  0.824257898834117466258051  0.828710678768139696068282  0.760921555642290630837483  0.874713104014193531523733  0.700882932241986074731448  0.740322026528558168917589  0.870222667530388956406377  0.694308752874060182956346  0.900319437025642989606746  0.609061315746313372576116  0.950174105032655251566829  
1.25663706143591729540512  0.473507362845765813563845  0.911834081239886170406044  0.700922148833720174993661  0.767016534590491620379006  0.681883965198047771471852  0.755317830016430499329248  0.782230640451457471357902  0.705841935449632429833578  0.828272010249922296227197  0.654437542038671054450173  0.694410224412862570053662  0.798000442408882973963948  0.652077749036140522781446  0.822472710381693695015724  0.57394513361014556614495  0.861613664501252643523107  
1.34639685153848281658293  0.455472449777144671817725  0.822318166432498467890554  0.666947315938610195580876  0.704541399762741387183523  0.651982581151190386927006  0.692308551616200874281523  0.743666621919244356974169  0.653562687024910951192561  0.789095223997754148526074  0.609547971107517846088304  0.65777846052838428981234  0.731307077463333645144655  0.618767056131684867463939  0.751365310072822700673649  0.547245325771298339449268  0.782164947414555171379888  
1.43615664164104833765232  0.442802340422810599741572  0.742969271182684609796613  0.639286660799035674556615  0.64678882213936695504998  0.627741138558793994805477  0.634567489680341115839812  0.711557723583053133051095  0.604153562847021068777081  0.75595167736436769904268  0.566451987396412063398201  0.628407712491297623864147  0.6698170295550145716631  0.592358057584587524785694  0.686374141804747801441557  0.526857951081428569207847  0.710661902269343144305201  
1.52591643174361385872171  0.433990724495013284456573  0.672191652927105738591328  0.616664366120828594231527  0.593327784235449282143789  0.607964236702796622215453  0.58147425186386284478527  0.684729486986845767250084  0.55755111297803573050004  0.727832203417356187000881  0.525239061006180484210415  0.604742173464009617940302  0.613099853288706120616955  0.571316963579512036104559  0.626851893659952441183354  0.511230592680384809164528  0.646041660820856453346928  
1.6156762218461793797911  0.42795997382378548354407  0.608645332369992252282385  0.598083770322108576383488  0.543727466252676650915274  0.591737185717854189889731  0.532465080508995191970172  0.662237641629415497350562  0.513614835049420236285679  0.703910668407373279857608  0.485904424050156125006791  0.585581479661520166893167  0.560690650903482631819529  0.554473715056381141860938  0.572174120617045748563457  0.499211542369038743501095  0.587361586008454430703554  
1.70543601194874490086049  0.423934115223567042137365  0.551209571436376104529731  0.582762669926377416696611  0.497576138170837683610001  0.578354369592710940812478  0.487036122616580234437941  0.643321988778903442927036  0.47216296667675065017308  0.683510557595651534320766  0.448384867860048060548596  0.569996898231723163547394  0.512129085916850261409657  0.540931543482259279413855  0.521761813207059710546017  0.489941469224828502219884  0.533798615658000250375204  
1.79519580205131042192988  0.421350972925087812961812  0.498947626636919655995946  0.570084347307152894282576  0.454490457285975084475611  0.567267283438678625469547  0.444741138878129821669551  0.627369261519152029689481  0.432995022497722270268024  0.666077147866044484605507  0.41258234624511712910393  0.557267162339613136043219  0.46697963910757399292684  0.529999683123773881955783  0.475090148412543251661786  0.482775469085683609746533  0.484640274407570730388125  
1.88495559215387594310769  0.41980097232117697682828  0.451075309884372438402932  0.559560395967932820455049  0.414119101236446443569696  0.558046523734693918376501  0.405186678141206944864369  0.613883513431625669901429  0.395905711295884236462913  0.651154743910266121855596  0.378379441465447725699957  0.546829739777942226968289  0.424840853991685144712496  0.521143324595504926798669  0.43168967428410876411367  0.477226782937313138651704  0.439272392051243517371688  
1.97471538225644146406865  0.418984202762067039214119  0.4069340581029177035771  0.550802400345776798956839  0.376143127036177191526226  0.550353747893365766207571  0.368026327171796813371701  0.60246263853503193735385  0.360693260319589254934633  0.638368243340320641056838  0.345649397225732765123784  0.5382439468071004869381  0.385348264058184355015024  0.513946323427942316293578  0.391143555406308767987073  0.472925979825794546505509  0.397166151622154403339621  
2.06447517235900698524646  0.41868007137958052578581  0.365968374789868053386689  0.543500276328071450857981  0.340274509634202150987117  0.543920816606464525573127  0.332954868942626516873382  0.59277980184019773973866  0.327164125742653447224528  0.627408288429434944438127  0.314262521516008942219908  0.531163040321045586144872  0.348173819526701595157211  0.508083325180459793575603  0.353082959284313743168054  0.469591205683475877355601  0.357865755487763600653636  
2.15423496246157250653269  0.41872570265417371755505  0.327707165994606080031658  0.537405639371571181342989  0.306253739163839186471607  0.53853415678951399982264  0.299702756765587074701609  0.584568766340127662711149  0.295135384084379710052052  0.618019338095977165180393  0.284090163053526029407047  0.525313073945480539408796  0.313023487970141294363087  0.50329884784550884771091  0.317181753302855019062976  0.467006382170420022276452  0.320977270030988930408968  
2.24399475256413802738524  0.419000458051854588679671  0.291748394840863071856597  0.532318983473471287913223  0.27384700222274333954414  0.534022952813532897429604  0.268031079533534772121883  0.577612297098268107748385  0.264435651755545330618457  0.609990095362549757432823  0.255007066930235552499728  0.520476839514379752919121  0.279634008746957497576653  0.499391518285318327985455  0.283151148062568967279668  0.465005144940307837649659  0.28615882254738817972806  
2.33375454266670354867147  0.419414770472550355625944  0.257746492081602166705854  0.528079762545312367608141  0.242843254013349236467185  0.53025017014319088064743  0.2377270690407266151155  0.571732991411300074365356  0.234905086144435931646028  0.60314582662710767158986  0.226892649900623506178596  0.516481634683427569200605  0.247769361331281690123121  0.496202142094853247857164  0.250734612001264294109306  0.463458948366918442081245  0.253112127061885590958296  
2.42351433276926906974086  0.419902043632496260597894  0.225402019298057351459922  0.524558694076749320114612  0.213051353287882811037989  0.527105693409855925713435  0.208600136046921154537887  0.566786022984350328145046  0.20639482836281525395569  0.597342199155985537984206  0.199631558554780074387323  0.513189917068416633148635  0.217217255205761954482322  0.493604638978679592306587  0.219703203302247995431736  0.462268213205572723879496  0.221575223557206485186944  
2.51327412287183459081025  0.420412745096976739784004  0.194453153877432488987075  0.521651774466524699989424  0.184297349119147488299844  0.524501057435689631422079  0.180478390701712667341158  0.562653399929437628395733  0.178766120284508213736634  0.592460339241816796244499  0.173113754749819171073152  0.510492145458426439471895  0.187785798470919243531867  0.491499132848046913244833  0.189851364179549976266242  0.461355711307499325899654  0.191316279399405582151974  
2.60303391297440011187964  0.420910081686298826814585  0.16466863577625755639931  0.519275621676396836596916  0.15642195798292248516497  0.522365389911950546496071  0.153205590088507813791496  0.559239425196921942416792  0.151889244286204031175952  0.588402875822905750875531  0.14723429258842196292519  0.508301287804417173464382  0.159300413693909090372732  0.4898066734155261395462  0.160993167573328078572047  0.46066160692648551761995  0.162128295412260576996454  
2.69279370307696563316587  0.42136682595853998945499  0.135841879029031353139892  0.517363855421167062088612  0.129278239294563970849909  0.520642285420601840482957  0.126638452463296468991291  0.556467118028653483187071  0.125642378417198828863808  0.585090784718533091679667  0.121892897060005296546196  0.506548609001489609103466  0.131601018310418961884548  0.488465203312622384433173  0.132958977929441075915579  0.460139734986879886331811  0.133824566954889767988308  
2.78255349317953115401841  0.421762988129849002632904  0.107786004049899227642915  0.515864296372319444596456  0.102729459744492110144455  0.519287403998158304493146  0.100644279436757744341016  0.554275410051727545485134  0.0999104229249993101185431  0.582460889033786729325395  0.0969934176852108641351397  0.505180450823850903910479  0.10453945815738533824937  0.487426485697765384989084  0.105592474649177522728958  0.459754812192205516893076  0.106234764176977033561236  
2.87231328328209667530464  0.422084116381331945426058  0.0803295900649117719402549  0.514736820015215821254567  0.0766471267066117154157889  0.518266641586007588773672  0.0750988311718226620610807  0.552616973003260707013578  0.0745838297884054812121623  0.580463903689827841094872  0.0724432054810205806099558  0.504155790748182941897037  0.0779771673135723879187443  0.48665378211920451347744  0.0787479821729041439980126  0.459480360512345574632411  0.0792015109039836183939904  
2.96207307338466219637403  0.422320071703090395401391  0.0533129813966358632622007  0.513951742429854780563631  0.0509091656051573024268763  0.517554760163837813090326  0.0498844041382406563267451  0.551456569490608443590354  0.0495574509591947565348576  0.579062938167729465330745  0.0481524445333293570729329  0.503444422571779590732007  0.0517830197776433146138121  0.486120126412844367634527  0.0522880504656408165746126  0.459297183849865996971328  0.0525773560455734752384211  
3.05183286348722771744342  0.422464169235057467776317  0.0265850079299779380505997  0.513488647764033024603527  0.0253982134927086048853666  0.517134396140148459007115  0.0248880652620983262735818  0.550769845830484238368655  0.0247294106103310453949649  0.578232392873581295400509  0.0240334579198419923664546  0.503025644743230968057406  0.0258313352159860261480741  0.485807083008995756244573  0.0260812315208670552953033  0.45919228424280023197787  0.0262220439219770749511953  
3.14159265358979323851281  0.422512612031140800706057  -1.60415852226151853959661e-20  0.513335593100726676209743  -1.42867093399750532488525e-20  0.516995389571714614575324  -1.21385957136356519371658e-20  0.55054250863284347097381  -1.57790191585714290206448e-20  0.577957202249356841888307  -9.83599033224627169860607e-21  0.502887375961301756426263  -1.57977500775534033091787e-20  0.485703911137125496859769  -1.38135216956626121615673e-20  0.459158138605316226135353  -1.60215058805987360066492e-20  
3.2313524436923587595822  0.422464169235057467776317  -0.026585007929977938082787  0.513488647764033024657737  -0.0253982134927086049158598  0.517134396140148459007115  -0.024888065262098326304075  0.550769845830484238422865  -0.024729410610331045423764  0.578232392873581295400509  -0.0240334579198419924003359  0.503025644743230968003195  -0.0258313352159860261802614  0.485807083008995756434308  -0.0260812315208670553359608  0.459192284242800232004975  -0.0262220439219770749850766  
3.32111223379492428065159  0.422320071703090395401391  -0.0533129813966358632994701  0.513951742429854780563631  -0.0509091656051573024675339  0.517554760163837813144536  -0.0498844041382406563707908  0.551456569490608443590354  -0.0495574509591947565755152  0.579062938167729465384955  -0.0481524445333293571102024  0.503444422571779590732007  -0.0517830197776433146443053  0.486120126412844367634527  -0.0522880504656408166084939  0.459297183849865997106853  -0.052577356045573475289243  
3.41087202389748980172098  0.422084116381331945426058  -0.0803295900649117719741362  0.514736820015215821200356  -0.076647126706611715442894  0.518266641586007588719462  -0.0750988311718226620881857  0.552616973003260707013578  -0.0745838297884054812324911  0.580463903689827841149082  -0.072443205481020580664166  0.504155790748182941951247  -0.0779771673135723879594018  0.48665378211920451353165  -0.0787479821729041440386701  0.459480360512345574713726  -0.079201510903983618434648  
3.5006318140000553230072  0.421762988129849002632904  -0.107786004049899227683572  0.515864296372319444650666  -0.102729459744492110198665  0.519287403998158304547356  -0.100644279436757744402003  0.554275410051727545539344  -0.0999104229249993101727532  0.582460889033786729216974  -0.0969934176852108641757972  0.5051804508238509040189  -0.10453945815738533830358  0.487426485697765384989084  -0.10559247464917752276284  0.459754812192205517028601  -0.106234764176977033628998  
3.59039160410262084385975  0.42136682595853998940078  -0.135841879029031353139892  0.517363855421167061980191  -0.129278239294563970849909  0.520642285420601840320327  -0.126638452463296468964186  0.556467118028653483132861  -0.12564237841719882882315  0.585090784718533091517036  -0.121892897060005296532644  0.506548609001489608995045  -0.131601018310418961870995  0.488465203312622384406068  -0.132958977929441075929132  0.460139734986879886250496  -0.133824566954889767974755  
3.68015139420518636514598  0.420910081686298826814585  -0.164668635776257556426415  0.519275621676396836542706  -0.15642195798292248516497  0.522365389911950546550281  -0.153205590088507813845706  0.559239425196921942308372  -0.151889244286204031175952  0.588402875822905750875531  -0.147234292588421962952295  0.508301287804417173464382  -0.159300413693909090399837  0.4898066734155261395462  -0.160993167573328078599152  0.46066160692648551751153  -0.162128295412260577010007  
3.76991118430775188621537  0.420412745096976739756899  -0.194453153877432489000628  0.521651774466524699989424  -0.184297349119147488299844  0.524501057435689631422079  -0.180478390701712667368263  0.562653399929437628449944  -0.178766120284508213736634  0.592460339241816796244499  -0.173113754749819171086704  0.510492145458426439417685  -0.187785798470919243518314  0.491499132848046913271938  -0.1898513641795499763069  0.461355711307499325791234  -0.191316279399405582124869  
3.8596709744103174075016  0.419902043632496260624999  -0.225402019298057351581895  0.524558694076749320223032  -0.213051353287882811173514  0.527105693409855925713435  -0.208600136046921154619202  0.566786022984350328307677  -0.206394828362815254050558  0.597342199155985537929996  -0.199631558554780074468639  0.513189917068416633202845  -0.217217255205761954604295  0.493604638978679592442112  -0.219703203302247995594367  0.462268213205572723933706  -0.221575223557206485308917  
3.94943076451288292813731  0.41941477047255035570726  -0.257746492081602166651644  0.528079762545312367824982  -0.24284325401334923644008  0.53025017014319088059322  -0.23772706904072661500708  0.571732991411300074473777  -0.234905086144435931564713  0.60314582662710767169828  -0.226892649900623506070176  0.516481634683427569254815  -0.247769361331281690028253  0.496202142094853247938479  -0.250734612001264294055096  0.463458948366918442135455  -0.253112127061885590904085  
4.03919055461544844942354  0.419000458051854588706776  -0.291748394840863071775282  0.532318983473471287967433  -0.273847002222743339462825  0.534022952813532897321184  -0.268031079533534771986358  0.577612297098268107748385  -0.264435651755545330537141  0.609990095362549757595453  -0.255007066930235552445518  0.520476839514379752973331  -0.279634008746957497468233  0.499391518285318327931245  -0.283151148062568967144143  0.465005144940307837595449  -0.286158822547388179592534  
4.12895034471801397049293  0.41872570265417371755505  -0.327707165994606080031658  0.537405639371571181451409  -0.306253739163839186471607  0.53853415678951399982264  -0.299702756765587074674504  0.584568766340127662819569  -0.295135384084379710052052  0.618019338095977165180393  -0.284090163053526029407047  0.525313073945480539408796  -0.313023487970141294363087  0.50329884784550884771091  -0.31718175330285501903587  0.467006382170420022276452  -0.320977270030988930408968  
4.21871013482057949156231  0.41868007137958052578581  -0.365968374789868053305374  0.543500276328071450695351  -0.340274509634202150851591  0.543920816606464525464707  -0.332954868942626516764962  0.59277980184019773973866  -0.327164125742653447197423  0.627408288429434944383917  -0.314262521516008942192803  0.531163040321045586036452  -0.348173819526701595048791  0.508083325180459793629813  -0.353082959284313743113844  0.46959120568347587724718  -0.357865755487763600491006  
4.30846992492314501306538  0.418984202762067039187014  -0.4069340581029177035771  0.550802400345776799011049  -0.376143127036177191580436  0.550353747893365766207571  -0.368026327171796813371701  0.60246263853503193724543  -0.360693260319589254853318  0.638368243340320640948418  -0.345649397225732765150889  0.53824394680710048710073  -0.385348264058184355150549  0.513946323427942316185157  -0.391143555406308767905758  0.472925979825794546451299  -0.397166151622154403339621  
4.39822971502571053413477  0.41980097232117697682828  -0.451075309884372438484247  0.559560395967932820509259  -0.414119101236446443596801  0.558046523734693918376501  -0.405186678141206944837264  0.613883513431625669847218  -0.395905711295884236490018  0.651154743910266121801386  -0.378379441465447725699957  0.546829739777942227022499  -0.424840853991685144793811  0.521143324595504926852879  -0.431689674284108764194985  0.477226782937313138651704  -0.439272392051243517398793  
4.48798950512827605477048  0.421350972925087812988917  -0.498947626636919655887525  0.570084347307152894282576  -0.454490457285975084312981  0.567267283438678625523757  -0.444741138878129821615341  0.627369261519152029689481  -0.432995022497722270159604  0.666077147866044484605507  -0.41258234624511712904972  0.557267162339613135989009  -0.466979639107573992764209  0.529999683123773882009993  -0.475090148412543251553366  0.482775469085683609827848  -0.4846402744075707302526  
4.57774929523084157583987  0.423934115223567042137365  -0.551209571436376104421311  0.582762669926377416533981  -0.497576138170837683501581  0.578354369592710940812478  -0.48703612261658023432952  0.643321988778903443035456  -0.47216296667675065022729  0.683510557595651534212346  -0.448384867860048060440176  0.569996898231723163547394  -0.512129085916850261355447  0.540931543482259279305435  -0.521761813207059710383387  0.489941469224828502219884  -0.533798615658000250320993  
4.66750908533340709734294  0.427959973823785483462755  -0.608645332369992252336596  0.598083770322108576329278  -0.543727466252676650969484  0.59173718571785418967289  -0.532465080508995191915962  0.662237641629415497350562  -0.513614835049420236339889  0.703910668407373279803398  -0.485904424050156124952581  0.585581479661520166893167  -0.560690650903482631873739  0.554473715056381141752517  -0.572174120617045748563457  0.499211542369038743392675  -0.587361586008454430757764  
4.75726887543597261841233  0.433990724495013284537888  -0.672191652927105738862378  0.616664366120828594556788  -0.593327784235449282523259  0.607964236702796622378083  -0.581474251863862845056321  0.684729486986845767358505  -0.55755111297803573071688  0.727832203417356187109301  -0.525239061006180484318835  0.604742173464009618102932  -0.613099853288706120833795  0.57131696357951203626719  -0.626851893659952441454405  0.511230592680384809272948  -0.646041660820856453509558  
4.84702866553853813948172  0.442802340422810599822887  -0.742969271182684609905033  0.639286660799035674665036  -0.64678882213936695510419  0.627741138558793995022318  -0.634567489680341115948232  0.711557723583053133159515  -0.604153562847021068831291  0.75595167736436769888005  -0.566451987396412063289781  0.628407712491297623918357  -0.6698170295550145716631  0.592358057584587525002534  -0.686374141804747801658398  0.526857951081428569262057  -0.710661902269343144305201  
4.93678845564110366055111  0.455472449777144671817725  -0.822318166432498467998975  0.666947315938610195635086  -0.704541399762741387291943  0.651982581151190386981216  -0.692308551616200874389943  0.743666621919244356919958  -0.653562687024910951192561  0.789095223997754148471864  -0.609547971107517846034093  0.65777846052838428992076  -0.731307077463333645307286  0.618767056131684867409729  -0.751365310072822700673649  0.547245325771298339340848  -0.782164947414555171434098  
5.02654824574366918162049  0.473507362845765813618056  -0.911834081239886170460254  0.700922148833720175156291  -0.767016534590491620379006  0.681883965198047771417642  -0.755317830016430499275037  0.782230640451457471412113  -0.705841935449632429887788  0.828272010249922296172987  -0.654437542038671054450173  0.694410224412862570107872  -0.798000442408882974018158  0.652077749036140522889866  -0.822472710381693695069934  0.57394513361014556614495  -0.861613664501252643468897  
5.11630803584623470268988  0.499026922418915767286048  -1.01340000432605852878284  0.742851736447500777984869  -0.834610472775651757984441  0.719020936475025878274747  -0.824257898834117466366472  0.828710678768139696014072  -0.760921555642290630891694  0.874713104014193531469522  -0.700882932241986074514608  0.740322026528558168917589  -0.870222667530388956406377  0.694308752874060183118976  -0.900319437025642989660956  0.609061315746313372684537  -0.950174105032655251675249  
5.20606782594880022375927  0.535034928831913816546766  -1.12919870261486503379075  0.79485459854607003258968  -0.907622883711154058853417  0.765488560503478965995911  -0.899797462473110108423062  0.88492056335468921059173  -0.818511215585969162714629  0.929914088228297784383559  -0.748416741554032064799324  0.798130722914609941841778  -0.948071997976308207913606  0.748124099467804845565392  -0.985414549596597348906247  0.655459097400019370411196  -1.0490636302842240140101  
5.29582761605136574482866  0.585816026383386377228077  -1.26167734824923203696464  0.859676146408778276059894  -0.986150201377854682940807  0.824096576801826035947422  -0.982534363796421057681181  0.953101111190198956707974  -0.877964839110205905582749  0.995676312143016899527947  -0.796220150730009137009062  0.871210208349979810921702  -1.03121245428939749483668  0.817042029482969456907065  -1.07798965945132199173787  0.717055160493995342812189  -1.15943326202609531489027  
5.38558740615393126633173  0.657517902644260636923178  -1.41340569205798610415495  0.940882398019201602657781  -1.06990360403002414966048  0.898642658564841039382093  -1.07284153718160358214565  1.0359928372294539527642  -0.93807270189500221671151  1.07413472273799667777716  -0.842941980145588482344933  0.963859537997686807459657  -1.11853216806146585219142  0.905696108964280520610413  -1.17771003412584761879493  0.799213885612092477200939  -1.28212865870267180240603  
5.47534719625649678740112  0.758999263802546676651456  -1.58671114041882836437781  1.0431055337722433010118  -1.15789927128754868029294  0.994289615538637541573841  -1.17056810525634771402281  1.13688484426819280822488  -0.996744089949372088859357  1.16774656651512567253313  -0.886433582879234057598852  1.08143363828282361178285  -1.20759384067670434183273  1.02013657111986722684886  -1.28317428427637378720097  0.909274115141024611114022  -1.41723029913399229361148  
5.56510698635906230803683  0.9030408991872032227477  -1.78286016083666991273362  1.1723381361913381931792  -1.24792966409587190450454  1.11806703117577123417561  -1.27446800076637707828386  1.25958924125058981569221  -1.05052930965090812200601  1.2791893635528087012302  -0.923370263504734643334251  1.23032600643921948046014  -1.29378228805319032534288  1.16811563715900484071181  -1.39106455499692177732105  1.05721175087889027351118  -1.56319610045210670781768  
5.65486677646162782910622  1.10799797009049842775458  -2.00033272920036319948017  1.33623909786252803295718  -1.33565438666738384632018  1.27947853143410680896823  -1.38111727755704766099423  1.40823322893999529944586  -1.09391811956342490698424  1.41106972349189270466915  -0.948736533813149697470443  1.41756922463103948424748  -1.36905756254032480684173  1.35919278456057797269466  -1.49473933990902662076895  1.25637352975447953544463  -1.71529557720964006130131  
5.74462656656419335060929  1.3998160335608839614915  -2.23130643310390019431154  1.54431299375955027484639  -1.41302328812121121774225  1.49105279172197725248358  -1.48288424891650692338634  1.58664929749384185436126  -1.11836464938277141477167  1.56526673420072992126001  -0.95519418432704500404205  1.64960989390854696973535  -1.42031996238254789471402  1.60425152845441614120857  -1.582002029082284259528  1.52401109644467375062258  -1.86280283713050468820394  
5.83438635666675887167867  1.81373169784722558116243  -2.45466823670567076262281  1.80752800617865883546758  -1.4655365924169022570113  1.76823741499329938531206  -1.56421428480724981457516  1.79694390966366489325104  -1.11109649668391004978009  1.74162765629097606812168  -0.932486187863590540664607  1.92954302264267549792132  -1.42774171050052919851574  1.91351079221764213810636  -1.63185900768355229123983  1.88077951107304677433839  -1.98409829990912067385067  
5.92414614676932439274806  2.39297907283008700891729  -2.62258214374120958347486  2.13607813289547797115479  -1.467632457030660429677  2.1268083852535474105247  -1.59525002667687467534843  2.03654560999968356873116  -1.05415759877421519297679  1.93567135652952078167695  -0.867365878006988375676853  2.25199187112614969148022  -1.36427525302961793302828  2.29121757696869238836619  -1.61072856419645678489362  2.34687408262193994163552  -2.03862201655570465103073  
6.01390593687188991338377  3.17557379993251652884959  -2.63680811154425738290948  2.53170673503181615626029  -1.3760616581850248847825  2.57295467862084943503134  -1.52278895584913305147855  2.29297339931047232212957  -0.925194165473141192030174  2.13522758082916774011531  -0.745188608923996804631832  2.59566119667086151346497  -1.1990166334542841130098  2.72428724676620378337098  -1.4708724568767712245201  2.92886312395147644835856  -1.95589087998022154526751  
6.10366572697445543488684  4.14337125886650634466052  -2.3193007319687817216914  2.96681864014754440939461  -1.12639108858574953954401  3.07630497522392343679593  -1.26573708279341818564584  2.53699037762091334272628  -0.703415073923139041079007  2.31723529028319910703232  -0.554968912801237800698148  2.91673996016911088718232  -0.908116133904165590831018  3.16396079400244662253004  -1.15932672752929646540175  3.58525441499017832511741  -1.63057785262665699030186  
6.19342551707702095595623  5.09053284440354889125654  -1.44072245015833929411737  3.34667121107362867818771  -0.657269767002815017244762  3.5226468238288264024291  -0.746175408040492717438343  2.7201284701709089663621  -0.384604954926404872918647  2.44870015429512977861437  -0.29867522798066894741632  3.15171355660717129204031  -0.493696648366738433761844  3.51206640505378931034486  -0.650841730625894116792855  4.16655978604655639896404  -0.962742068835358279883189  
