0  1.11624316838623009382186  3.01747692490615201153486e-20  1.10560972475128913375137  3.85214145654385840248605e-20  1.11627762547009305813678  2.44802162746343105868941e-21  1.13665368664825392277812  2.16739442966483011237025e-20  1.09943380600664501257121  4.24315443290223438561965e-20  1.07245784517621917824627  1.69140551199480419924999e-21  1.01624843454275459557479  2.05762084941958064290445e-20  1.119989322460757198382  1.99179471388177524768723e-20  1.15300104940538211944351  3.29383797231204452416917e-20  1.09963376843751274591649  3.68064074126012845221372e-21  
0.125663706143591729535091  1.11491659726975515646609  0.0165170837395751996423861  1.10437399053862432888023  0.0151336512986497895625173  1.11483103032707503573465  0.01702470565826410479459  1.134840655000655896688  0.0204660845163741056260609  1.09833974418737192145761  0.0139489988508775875818363  1.07171191283564701062468  0.00993365111050319331341234  1.01611189875984809539988  0.00207984532574666600287724  1.11865387050365678938638  0.0169093769855439648341  1.15101289375754225216639  0.0227490601914204204197232  1.09847385470570194608564  0.0142526235121241338211053  
0.251327412287183459070183  1.11099794827512444257613  0.0325305855219970816458262  1.10072728241986232092416  0.0297859301625022590033487  1.11057195580698974855197  0.0334524967689612933981289  1.12951706434669442099834  0.0401387260508216522035801  1.09510399491950896188469  0.0274970836376680827423981  1.06950108917972854037214  0.019611859360141513359101  1.01570501629009598003502  0.00412257638288410888744925  1.1147048586637812668575  0.0333257139870669880673919  1.14516972482028925404279  0.0446445863618348942603292  1.09505020705514469366287  0.0280557270834769429182758  
0.376991118430775188632379  1.10466367663605475680014  0.0475730024534961625274319  1.09484386712668098785156  0.0435125568497537063960418  1.10373139854083790196548  0.0487395531227530224226922  1.12101097790685708057053  0.0583059606002008945111956  1.08986119599337038621294  0.0402695626664417696198399  1.06590406701486156075369  0.0287930201439799087316865  1.01503587629549534259842  0.00609196809451875172626914  1.10830861625749208182815  0.0487882879951405978890318  1.13581693634217042435022  0.0649167178711826861332683  1.08952451888585784289549  0.0409939327227752142886446  
0.502654824574366918140365  1.09618683549698065242059  0.0612434049001919566601951  1.08699177564848965197707  0.0559372367287150798042389  1.09466014126993140920079  0.0624380452038926294657493  1.10981321591901151287721  0.0744007683153513701707765  1.08282107676403668264538  0.0519404732507657691494615  1.0610449326143487678133  0.0372615857482518916614887  1.0141176808841709668747  0.0079535355063110921400478  1.09972441878729008046204  0.0628965291647455606563379  1.12347385451806790787437  0.082945220395376107456499  1.08214579643254193682192  0.0527145294580918153087411  
0.628318530717958647702562  1.08591001167852310238873  0.0732282443792715688566514  1.07750433809102343454302  0.066771923995288488676899  1.08378641695192839478675  0.0742219590615749552338452  1.09651022699764195056024  0.088035228375190779497592  1.07424933697824662648043  0.0622485639438559823597309  1.05508371739260910422177  0.0448373735307874088731623  1.01296834266874747026814  0.00967531119122126909495862  1.08928100167723610088282  0.0753299533121629005967806  1.10876549852554198553369  0.0982963589721456878068977  1.07322427182889704167217  0.0629463438546373446234265  
0.753982236861550377264758  1.07421493445946520089301  0.0833107501683767498912737  1.06674881170741136073368  0.0758248170671546490597369  1.07157098573344381387158  0.0838940203060986403602647  1.08171602442054418699146  0.0990038183932215402872044  1.06444575580670352480273  0.0710054250636475085660133  1.04820518377928093923038  0.0513812295685654554279215  1.01160995420203115484695  0.0112285194921037993439662  1.07734951652781471532431  0.0858585093915516838001655  1.09235237954619544386691  0.110728682744170885029729  1.06310253452168813382856  0.0715074146263169282977407  
0.879645943005142106772744  1.06149347676860790717739  0.0913696009359893725513494  1.05509722128974186487575  0.0829971813720599646568322  1.05846756306515865186761  0.0913764929003984271191179  1.06601603671681088273022  0.107262451133257724655064  1.05372273719634918247214  0.0780959985192968062352268  1.04060727778586633934192  0.0567969396418838046343425  1.01006815832022491831715  0.0125881255662657630162073  1.06431683068986145763654  0.0943435199541408409692859  1.07487132340897374336783  0.120173724850757039953834  1.05212854687796746066576  0.0783023986725069806298736  
1.00530964914873383628073  1.04812350783149675279016  0.0973692954444071977486604  1.04290294412115412290773  0.0882719413886498120735448  1.04489338388633037630997  0.0966913057551334231734096  1.04992924818882976689422  0.112893651311253288388155  1.04238678514039109302206  0.0834728974343229600588428  1.03249048404625047754574  0.0610298197688323109018089  1.0083714518626022616692  0.0137332459140575689640704  1.05056227074917298393644  0.100730861332116965672434  1.05689418698351968466023  0.126701639687430691949077  1.04063380912719111669705  0.0833123288003942268911076  
1.13097335529232556584293  1.0344513740035324995915  0.101345407769766813560692  1.03048460673534061785364  0.0916976451869587938405936  1.03121127008331101427945  0.0999354261602986643426346  1.03388890982727239744188  0.116067841966660202857519  1.03072435821226346332365  0.0871465859537408486822693  1.02404894888157073471087  0.0640627723706923844814234  1.0065504559683352510174  0.0146474159984722709828674  1.03643968567349597023619  0.105038833909603784210135  1.03890534949398273556215  0.13048173246185822962348  1.02891817453970025209465  0.0865799821658377157581211  
1.25663706143591729540512  1.0207812427638537277827  0.103387797775148948097729  1.01811717585434724595451  0.0933710794647703112944959  1.01772201012100382464497  0.101256292223254254215555  1.01823826211523373866039  0.11700782427252584802003  1.0189925236561943925305  0.0891735248121794289320654  1.0154638129290172270363  0.0659107332773886168443556  1.00463718439281802109059  0.0153187188555450686758708  1.02226546006239495697869  0.107343304565962917085159  1.02129488410986825114215  0.131745255346101336929891  1.0172412790302786926187  0.0881938631920312933996659  
1.3823007675795090248589  1.0073704688852949814485  0.103624184487745149785493  1.00602905143834673630261  0.0934209386991158124676285  1.00466454027320781705254  0.10083036507488177030336  1.00323633535344574328231  0.115960135617330283236762  1.00741404708073927756675  0.0896440477776420354598472  1.0068988161615747999782  0.0666143914815800723000245  1.00266433750028723852297  0.0157397855909261059599927  1.00831212464385279329107  0.10776234227802518737707  1.00436269206791833528102  0.130754579857665144371984  1.00581954807025147566064  0.0882730369455319048154103  
1.50796447372310075452952  0.994429601329535078186282  0.102205634125438049933637  0.994403523565420178358977  0.09199395233069911553608  0.992221152361743500072699  0.0988461956521710633611581  0.9890692301452129343701  0.113174256498103345937398  0.996176095989916204182478  0.0886712105634377036739429  0.998497961909766074280713  0.0662339022538666463355006  1.00066464438988844795793  0.0159076839254245942594478  0.99480660594635408991741  0.106441957144375922859805  0.988328991073930623032819  0.127780117172036305095862  0.994827307520624309488018  0.0869541483299388901883741  
1.63362817986669248398329  0.982125544817212532190155  0.0992947244435264688680771  0.983382974159743170712231  0.0892440240224707146093723  0.980525331303031263702891  0.0954921838802253849435957  0.975863408306430334603846  0.10888898074397529523033  0.985431572435123908889135  0.0863813218956410367908253  0.990384867680815209013342  0.0648431030269177745674683  0.998670269659567095481105  0.0158237143098432799751419  0.981931910426707472657783  0.1035439039380701552618  0.973347534345494369892836  0.123084591550524379124703  0.98440051687935699016932  0.0843811825991991364863745  
1.75929188601028421354549  0.970586558639032816696562  0.0950565516997548348937866  0.973074481600456761380691  0.0853243480720306821183784  0.969670459842345716823531  0.0909485011578259879634796  0.96369877242715643397581  0.103324528867269467541758  0.975302134806023337957118  0.0829064298773718296115334  0.982663374153214042147544  0.0625245335844926508974979  0.996712295225466013881728  0.0154931346201819182572309  0.969831057166169662082933  0.0992359582516828737138847  0.959519129852702373686263  0.116913408854755637115031  0.974641879665786467989118  0.0806979719234728995371896  
1.88495559215387594310769  0.959908066563702177577139  0.0896523710466127045966983  0.963555850413758328029505  0.080382135880302581410926  0.959718262033562617870086  0.0853823496338414570110045  0.952620341817444280863632  0.0966788565988223938247985  0.965882126732349372694175  0.0783787331328572161866057  0.9754190004748378546519  0.0593653893335454268902467  0.994820281906359706633296  0.0149248342851971597207081  0.958612247338290031188623  0.0936846734083179369368104  0.946904065800911574392069  0.109489628422519273448672  0.965626411126154047149129  0.0760431340720367243170286  
2.01061929829746767256146  0.950158560235048174136881  0.083235471822908221168312  0.954881433202382183826531  0.0745554506587386331655908  0.950706369092404554794248  0.0789456985278767258600377  0.942648047943664049133812  0.089126796828701617195212  0.957242827366145353630393  0.072926708745268502265529  0.968720893040184036324076  0.0554544111193341055345354  0.993021910523461716954058  0.0141309772166067184793158  0.948354495150019484494067  0.0870503809481064255736994  0.935532801763139864464902  0.101012162562087694624375  0.957406858636992338473619  0.070546992960250154392713  
2.13628300444105940223208  0.941385146481282280000319  0.07594883152506237228253  0.947087388580058916229092  0.0679716406488062633260705  0.942654750810237212110994  0.0717747422924242370236968  0.93378460506003168798252  0.0808209716347971221712433  0.94943662453052541321365  0.0666726699174907322853392  0.962623990996811463357469  0.0508796360109574418253454  0.991342698276454756148128  0.0131266304828119788718818  0.939113181177309627907512  0.0794840784565913205253831  0.925414763786714661051008  0.0916560889697820223808149  0.950018627116221222748873  0.0643300141909959413992395  
2.26194671058465113168585  0.933618494714983891040808  0.067924114023839737443026  0.940196216222976302763492  0.0607469206965660160895282  0.935570979908032367556962  0.0639904809297346318123709  0.926021636237870882047904  0.0718937100171797268462637  0.942500867023054132536313  0.0597314532627054793319579  0.957171207650597815545616  0.0457268924508383803751842  0.989805783221819498595307  0.0119293926598813668682637  0.93092519111116146292035  0.0711258183399977455825102  0.916545348357937922313329  0.0815742465559621434924775  0.943484047817114352242965  0.0575023376902793846153928  
2.38761041672824286135647  0.926877083954145263391435  0.0592816388267010881851131  0.934220537221127182985359  0.0529867379428486632593877  0.929454419215257405379165  0.0556999795753221847434238  0.919344325410623652513904  0.0624594578138801828989671  0.936461268052427139613626  0.0522099607307139901708455  0.952395493081251818092217  0.0400789095681556782309676  0.988431767776074531755594  0.01055903253631186440001  0.923813458402294872869737  0.0621042352147380365536087  0.908911363373945634038138  0.0708995366466211346834648  0.937815950599699520899913  0.050164065715434785842409  
2.51327412287183459081025  0.921170739977752683859055  0.0501310224562841988507926  0.929166160922328886748525  0.0447866452495434146005007  0.924299475890638008268411  0.0469979994714741501729864  0.913734879466335676834708  0.0526173569157750591659527  0.931334811049168400298379  0.0442073239447280764773899  0.948321695716040196472933  0.0340149144096080201124478  0.987238611195475838379874  0.00903714560459085140429678  0.917790838668809642582423  0.0525369010794308531164636  0.902495170792239139779829  0.059747550070688006505922  0.933020571114016193789084  0.0424060445702311468175712  
2.63893782901542632048086  0.916503504646032202704629  0.0405722651506355881125248  0.925034514768517613194417  0.0362334836464403334911144  0.920098079756087108783871  0.0379687986655602664737676  0.90917505908402589494743  0.0424538064703572144183022  0.92713215864775708066961  0.0358155060077209426509489  0.944968179043421155913554  0.0276106044403263481949338  0.986241560802839719473457  0.0073868327355616048799378  0.912863313910716525417452  0.0425312582077772400560457  0.897277785113442262726179  0.0482192867822002321407347  0.929099859980452645103789  0.0343109502889240571091864  
2.7646015351590180497178  0.912875903441667221937042  0.0306971187822550710728076  0.921824524686249986379395  0.0274067381544833881998856  0.91684153291135057835563  0.0286879794000683371562438  0.905647995996274325061683  0.0320449104698647021496807  0.923859593006643307368502  0.0271202002116502454938992  0.942348175709190685701497  0.0209384002808309820485729  0.98545311218330726828413  0.00563240272617820440467264  0.909032564457612051670842  0.032185938828306892960378  0.893241149374293625620887  0.0364038369870207434959657  0.926053273387264858996018  0.0259545476632554261185791  
2.89026524130260977938842  0.910286683390459665850703  0.0205906226729661152006785  0.919534030249812338406873  0.0183799796743034019036586  0.914521857068556515688897  0.0192243147858065847698303  0.903139470219073786812474  0.0214587756250288768346203  0.921520527501837883417243  0.0182019230398933988665164  0.940470877306767952101031  0.0140679016344780909151028  0.984882989500543847938112  0.00379909810526325847753132  0.906297964644757928311981  0.0215923324961454983527461  0.890369770299066037009834  0.024380961632497373837449  0.923879122751626309965282  0.0174070377210112818552943  
3.01592894744620150905903  0.908734088641944311095112  0.0103327329950679383460948  0.918160807673276430898503  0.00922234101930975302765267  0.913132740440739574595049  0.00964152523468186656990797  0.901638779469045144158729  0.0107576605970798104743925  0.920116631468892102476385  0.0091372292696374455613919  0.939342266684271608027153  0.00706648560307711853220635  0.984538138357485533751559  0.00191284169966706402252633  0.904658061479041004015675  0.0108363043628293167105179  0.888651854105124868821522  0.0122235549552292972696978  0.922575551472600532759098  0.0087344425240105082807276  
3.14159265358979323829597  0.90821672981079494844708  9.67917952169295205472367e-21  0.917703258774448958319872  9.29009894360494083156147e-21  0.912670161143498117435266  1.00239164643548311652207e-20  0.901139296599372755923896  1.11939692528296594547682e-20  0.919648604903276688357552  1.05289131595012499911606e-20  0.938965702687929994641348  5.48993015621924107995125e-21  0.984422725130444052459022  4.75654726013502895081058e-21  0.904111589308656694874162  1.19562764860572212025444e-20  0.888080047368591932990724  1.43725753624280577992512e-20  0.922141193276226488965541  1.09417308621381848543767e-20  
3.26725635973338496796659  0.908734088641944311095112  -0.0103327329950679383562592  0.918160807673276430898503  -0.0092223410193097530412052  0.913132740440739574595049  -0.0096415252346818665732961  0.90163877946904514459241  -0.0107576605970798104947213  0.920116631468892102476385  -0.00913722926963744557494443  0.939342266684271608135574  -0.00706648560307711853220635  0.98453813835748553418524  -0.00191284169966706401913819  0.904658061479041003961465  -0.0108363043628293167105179  0.888651854105124868496261  -0.0122235549552292972832503  0.922575551472600532650677  -0.00873444252401050827733947  
3.3929200658769766976372  0.910286683390459666175964  -0.0205906226729661152006785  0.919534030249812338786344  -0.0183799796743034018901061  0.914521857068556515905737  -0.0192243147858065847698303  0.903139470219073786541424  -0.0214587756250288768549491  0.921520527501837883308823  -0.0182019230398933988868452  0.940470877306767952101031  -0.0140679016344780909422078  0.984882989500543847992322  -0.00379909810526325849786011  0.906297964644757928908293  -0.0215923324961454983459699  0.890369770299066037280884  -0.0243809616324973738442253  0.923879122751626309856861  -0.0174070377210112818756231  
3.51858377202056842709098  0.912875903441667222153882  -0.0306971187822550710592551  0.921824524686249986433605  -0.0274067381544833882134381  0.916841532911350578247209  -0.0286879794000683371359151  0.905647995996274324899053  -0.0320449104698647021564569  0.923859593006643307368502  -0.0271202002116502454871229  0.942348175709190685701497  -0.0209384002808309820485729  0.98545311218330726828413  -0.00563240272617820441822516  0.909032564457612052267153  -0.0321859388283068929807068  0.893241149374293625837727  -0.0364038369870207434959657  0.926053273387264858941808  -0.0259545476632554261321316  
3.64424747816416015676159  0.916503504646032202379368  -0.0405722651506355881125248  0.925034514768517613085997  -0.036233483646440333531772  0.920098079756087108783871  -0.0379687986655602665550828  0.90917505908402589489322  -0.0424538064703572144183022  0.927132158647757080886451  -0.0358155060077209426916064  0.944968179043421155642504  -0.0276106044403263482491439  0.986241560802839719148197  -0.00738683273556160494770044  0.912863313910716525471662  -0.0425312582077772401238083  0.897277785113442262834599  -0.0482192867822002321678398  0.929099859980452645103789  -0.034310950288924057149844  
3.76991118430775188621537  0.921170739977752683642215  -0.0501310224562841988643451  0.929166160922328886911156  -0.0447866452495434146411583  0.924299475890638008322622  -0.046997999471474150213644  0.913734879466335676943128  -0.0526173569157750591795053  0.931334811049168400461009  -0.0442073239447280765180475  0.948321695716040196581353  -0.0340149144096080201937629  0.987238611195475838705135  -0.00903714560459085143140183  0.917790838668809642528212  -0.0525369010794308531164636  0.902495170792239139942459  -0.0597475500706880065194745  0.933020571114016194005925  -0.0424060445702311468582288  
3.89557489045134361566915  0.926877083954145263445645  -0.0592816388267010882528758  0.934220537221127182985359  -0.0529867379428486633407029  0.929454419215257405108115  -0.0556999795753221847434238  0.919344325410623652839164  -0.0624594578138801829938348  0.936461268052427139071524  -0.0522099607307139902386082  0.952395493081251817550116  -0.0400789095681556782851777  0.988431767776074531972434  -0.01055903253631186440001  0.923813458402294872869737  -0.0621042352147380366349239  0.908911363373945633821298  -0.0708995366466211347783325  0.937815950599699521062543  -0.0501640657154347858559616  
4.02123859659493534512292  0.933618494714983891040808  -0.0679241140238397374701311  0.940196216222976302655072  -0.0607469206965660160082131  0.935570979908032367448542  -0.0639904809297346317852658  0.926021636237870881993694  -0.0718937100171797269004739  0.942500867023054132048422  -0.0597314532627054793319579  0.957171207650597815328776  -0.0457268924508383803480792  0.989805783221819498866358  -0.0119293926598813668411587  0.93092519111116146302877  -0.0711258183399977455689577  0.916545348357937922259119  -0.0815742465559621434518199  0.943484047817114352242965  -0.0575023376902793846153928  
4.14690230273852707479354  0.941385146481282280108739  -0.0759488315250623723638452  0.947087388580058916066461  -0.0679716406488062633260705  0.942654750810237212436254  -0.0717747422924242370508019  0.93378460506003168825357  -0.0808209716347971222525585  0.949436624530525413376281  -0.0666726699174907323124442  0.962623990996811463357469  -0.0508796360109574418795556  0.991342698276454756690229  -0.0131266304828119789260919  0.939113181177309628070143  -0.0794840784565913205795933  0.925414763786714661322058  -0.0916560889697820224350251  0.950018627116221222803083  -0.0643300141909959415347647  
4.27256600888211880446416  0.950158560235048173920041  -0.0832354718229082210869969  0.95488143320238218350127  -0.0745554506587386331384858  0.950706369092404554956878  -0.0789456985278767259142478  0.942648047943664049188022  -0.089126796828701617195212  0.957242827366145353630393  -0.072926708745268502265529  0.968720893040184036486707  -0.0554544111193341054532203  0.993021910523461717008268  -0.0141309772166067184251056  0.948354495150019484385646  -0.0870503809481064255465944  0.935532801763139864410692  -0.10101216256208769459727  0.957406858636992338419409  -0.0705469929602501544198181  
4.39822971502571053413477  0.95990806656370217773977  -0.0896523710466127045966983  0.963555850413758328083715  -0.080382135880302581410926  0.959718262033562617707456  -0.0853823496338414570110045  0.952620341817444280701002  -0.0966788565988223937976934  0.965882126732349372694175  -0.0783787331328572161866057  0.97541900047483785481453  -0.0593653893335454268631417  0.994820281906359706253825  -0.0149248342851971597478131  0.958612247338290031513884  -0.0936846734083179369097054  0.946904065800911574446279  -0.109489628422519273367357  0.965626411126154047257549  -0.0760431340720367243170286  
4.52389342116930226337171  0.970586558639032816859192  -0.0950565516997548348124714  0.973074481600456761543321  -0.0853243480720306821996936  0.969670459842345716823531  -0.0909485011578259879363745  0.963698772427156434084231  -0.103324528867269467514653  0.975302134806023338011328  -0.0829064298773718295302183  0.982663374153214042472804  -0.0625245335844926508432878  0.996712295225466013881728  -0.0154931346201819182572309  0.969831057166169661757672  -0.0992359582516828735783594  0.959519129852702373577843  -0.116913408854755637033716  0.974641879665786467880698  -0.0806979719234728995642947  
4.64955712731289399304233  0.982125544817212532190155  -0.0992947244435264687596569  0.983382974159743170766441  -0.0892440240224707146635824  0.980525331303031263702891  -0.0954921838802253849164906  0.975863408306430334658056  -0.108888980743975295311645  0.985431572435123908618084  -0.0863813218956410367637203  0.990384867680815209013342  -0.0648431030269177745945734  0.998670269659567095481105  -0.015823714309843280029352  0.981931910426707472603573  -0.103543903938070155234695  0.973347534345494369892836  -0.123084591550524379151808  0.984400516879356990006689  -0.0843811825991991364863745  
4.77522083345648572271294  0.994429601329535078077862  -0.102205634125438049906532  0.994403523565420178142137  -0.0919939523306991155902901  0.99222115236174350023533  -0.0988461956521710633611581  0.98906923014521293415326  -0.113174256498103345910293  0.996176095989916204399318  -0.0886712105634377037823631  0.998497961909766074063872  -0.0662339022538666463355006  1.00066464438988844806635  -0.0159076839254245942323427  0.99480660594635408975478  -0.10644195714437592288691  0.988328991073930623141239  -0.127780117172036305122967  0.994827307520624309488018  -0.0869541483299388901883741  
4.90088453960007745238356  1.00737046888529498123166  -0.103624184487745149785493  1.00602905143834673651945  -0.0934209386991158124947335  1.0046645402732078168357  -0.100830365074881770384675  1.00323633535344574328231  -0.115960135617330283236762  1.00741404708073927724149  -0.0896440477776420354598472  1.00689881616157479965294  -0.0666143914815800722729194  1.00266433750028723841455  -0.0157397855909261059328876  1.00831212464385279318265  -0.10776234227802518737707  1.00436269206791833528102  -0.130754579857665144426195  1.0058195480702514754438  -0.0882730369455319047340951  
5.02654824574366918162049  1.02078124276385372799954  -0.103387797775148948151939  1.01811717585434724617135  -0.093371079464770311348706  1.01772201012100382453655  -0.10125629222325425424266  1.01823826211523373876881  -0.11700782427252584807424  1.0189925236561943925305  -0.0891735248121794290133806  1.01546381292901722736156  -0.0659107332773886168714606  1.00463718439281802109059  -0.015318718855545068757186  1.02226546006239495687027  -0.107343304565962917112264  1.02129488410986825103373  -0.131745255346101337065416  1.01724127903027869294396  -0.0881938631920312935351912  
5.15221195188726091129111  1.03445137400353249991676  -0.101345407769766813533587  1.03048460673534061785364  -0.0916976451869587938134885  1.03121127008331101471313  -0.0999354261602986642613194  1.03388890982727239722504  -0.11606784196666020291173  1.03072435821226346332365  -0.0871465859537408486822693  1.02404894888157073514455  -0.0640627723706923844543184  1.00655045596833525080056  -0.0146474159984722710099725  1.03643968567349597077829  -0.10503883390960378412882  1.03890534949398273545373  -0.13048173246185822956927  1.02891817453970025198623  -0.086579982165837715731016  
5.27787565803085264096173  1.04812350783149675279016  -0.0973692954444071977757654  1.04290294412115412290773  -0.0882719413886498120193347  1.04489338388633037652681  -0.0966913057551334232547248  1.04992924818882976656896  -0.11289365131125328836105  1.0423867851403910932389  -0.0834728974343229600046327  1.03249048404625047765416  -0.0610298197688323109289139  1.0083714518626022622113  -0.0137332459140575691538058  1.05056227074917298382802  -0.100730861332116965618224  1.05689418698351968476865  -0.126701639687430691949077  1.04063380912719111669705  -0.0833123288003942269453177  
5.40353936417444437063234  1.06149347676860790739423  -0.0913696009359893726055595  1.05509722128974186476733  -0.0829971813720599646026221  1.05846756306515865186761  -0.0913764929003984269564875  1.06601603671681088294707  -0.107262451133257724627959  1.0537227371963491827974  -0.0780959985192968061268066  1.04060727778586633988402  -0.0567969396418838045801324  1.01006815832022491810031  -0.0125881255662657631517326  1.0643168306898614574197  -0.0943435199541408408879708  1.07487132340897374336783  -0.120173724850757040035149  1.05212854687796746099102  -0.0783023986725069805756635  
5.5292030703180360994356  1.07421493445946520132669  -0.0833107501683767499725888  1.06674881170741136073368  -0.0758248170671546492494722  1.07157098573344381419684  -0.0838940203060986405500001  1.0817160244205441872083  -0.0990038183932215404227297  1.06444575580670352480273  -0.0710054250636475087557486  1.04820518377928093977248  -0.0513812295685654555092367  1.01160995420203115506379  -0.0112285194921037994794915  1.07734951652781471499905  -0.0858585093915516838001655  1.09235237954619544365007  -0.110728682744170885138149  1.06310253452168813361172  -0.0715074146263169284874761  
5.65486677646162782910622  1.08591001167852310260557  -0.0732282443792715688566514  1.0775043380910234344346  -0.0667719239952884888395293  1.08378641695192839532885  -0.0742219590615749551254249  1.09651022699764195012656  -0.088035228375190779497592  1.07424933697824662702253  -0.062248563943855982441046  1.05508371739260910389651  -0.0448373735307874088460572  1.01296834266874747026814  -0.00967531119122126912206368  1.08928100167723610088282  -0.0753299533121629005967806  1.10876549852554198542526  -0.0982963589721456877526876  1.07322427182889704113007  -0.0629463438546373446505315  
5.78053048260521955877683  1.09618683549698065242059  -0.0612434049001919566873001  1.08699177564848965230233  -0.0559372367287150797229237  1.09466014126993140909237  -0.0624380452038926295470645  1.10981321591901151298563  -0.0744007683153513701165664  1.0828210767640366827538  -0.0519404732507657692578817  1.06104493261434876792172  -0.0372615857482518917428039  1.01411768088417096644101  -0.00795353550631109216715285  1.09972441878729008046204  -0.0628965291647455607376531  1.12347385451806790798279  -0.082945220395376107429394  1.08214579643254193703876  -0.052714529458091815227426  
5.90619418874881128844745  1.10466367663605475690856  -0.0475730024534961623919067  1.09484386712668098785156  -0.0435125568497537063689367  1.10373139854083790229074  -0.0487395531227530222871669  1.12101097790685708122105  -0.0583059606002008943214602  1.08986119599337038664662  -0.0402695626664417694572096  1.06590406701486156107895  -0.0287930201439799087316865  1.01503587629549534314052  -0.00609196809451875167205903  1.10830861625749208204499  -0.0487882879951405977806116  1.13581693634217042413338  -0.064916717871182685997743  1.08952451888585784300391  -0.0409939327227752141802244  
6.03185789489240301811807  1.11099794827512444203403  -0.0325305855219970816729312  1.10072728241986232049048  -0.0297859301625022589220335  1.11057195580698974779303  -0.0334524967689612933168138  1.1295170643466944213236  -0.0401387260508216521222649  1.09510399491950896166785  -0.027497083637668082688188  1.06950108917972853983004  -0.0196118593601415132235757  1.01570501629009597960134  -0.00412257638288410877902904  1.11470485866378126707434  -0.0333257139870669880131818  1.14516972482028925382595  -0.0446445863618348942603292  1.09505020705514469301235  -0.0280557270834769428640657  
6.15752160103599474778868  1.11491659726975515614083  -0.016517083739575199588176  1.10437399053862432888023  -0.0151336512986497894676496  1.11483103032707503530097  -0.0170247056582641048216951  1.13484065500065589647116  -0.0204660845163741056260609  1.09833974418737192134919  -0.013948998850877587649599  1.07171191283564700975732  -0.00993365111050319338117497  1.01611189875984809539988  -0.00207984532574666598932472  1.1186538705036567900369  -0.0169093769855439647934424  1.15101289375754225227481  -0.0227490601914204204197232  1.09847385470570194630248  -0.0142526235121241338211053  
