0  1.01697540544828291279519  9.3607184146952800193214e-21  1.00976324514493503287354  -1.38285029908783816028885e-20  1.00161907562550396393053  3.03801534551988725895735e-21  1.0049245424850631416315  -1.24857983821224948807797e-20  
0.15707963267948966192564  1.0167501969698509812828  0.00272176938015153885080596  1.00963773385500933058717  0.00154917752348844650416796  1.00159899775105623251099  0.000253879443302571571419203  1.0048625714499600372143  0.000775925436477684977347805  
0.314159265358979323851281  1.01608185371944788788663  0.00536614666587091072023127  1.00926483808100896251685  0.00305686135959253998061434  1.00153927276707924566655  0.000501418010274917814246727  1.00467831913746543336108  0.00153190732888002265716862  
0.471238898038468985776921  1.01499183700143270024912  0.00785880198516562033573575  1.00865532250693554650739  0.0044829330886684733961569  1.00144141264461175784041  0.000736439833879579103638816  1.00437671304128836331088  0.002248578440179261847022  
0.628318530717958647702562  1.01351467034639035466256  0.0101313065167001472655431  1.00782664069354328622002  0.00578995030285401601484289  1.00130789133390592031934  0.000953094108858476492555575  1.00396578560346770765416  0.0029077008831795276807327  
0.785398163397448309628202  1.01169620109881540283726  0.0121235538126166640291413  1.00680224116132996956072  0.00694430560712141714085725  1.00114207744511997410543  0.0011460054456869903137875  1.0034564140328784551592  0.00349267426539385115644674  
0.942477796076937971553843  1.00959140408185439033353  0.0137856222198295538187551  1.0056106660508750371948  0.00791719015514399173131729  1.00094814327022818209456  0.00131041019877375228470419  1.00286197490923613363442  0.00398898037880490239216573  
1.09955742875642763342527  1.00726191942197010613554  0.0150790030836807243807152  1.00428450227026389582688  0.00868532570092412511638703  1.00073095319793337488329  0.0014422750259942203365001  1.00219793040737599335629  0.00438455005932491799578582  
1.25663706143591729540512  1.00477351836522514941762  0.0159771872456289171433082  1.00285924956043817418087  0.00923144860134665059744896  1.00049593515686373117971  0.00153839465031715988017555  1.00148136519791399606794  0.00467004268528728574754946  
1.41371669411540695738497  1.00219366932053744649947  0.0164656615252954856374462  1.00137216800236619708084  0.00954454795296467124548177  1.00024893912471685684679  0.00159646659020241189807024  1.00073049382979360733513  0.00483903381032345768371881  
1.5707963267948966192564  0.999589338400242852905857  0.0165414102611580350198246  0.99986116020485543882685  0.00961987603980506047595539  0.99999608695585546667365  0.00161514145444845757582965  0.999964157769423506757871  0.00488811117957798515576244  
1.72787595947438628112783  0.997025112810741511175545  0.0162120415200765993323905  0.998363732368547790950973  0.00945876113802630719942961  0.999743617814560849433973  0.00159404821252123550913773  0.999201329486735653425972  0.00481688348629601877375246  
1.88495559215387594310769  0.994561689430512413986202  0.0154946639922613786579265  0.99691606545532929906225  0.00906825987200798766421465  0.999497733374937887831316  0.00153379461266932236545961  0.99846063835691221401928  0.00462790943118754916356557  
2.04203522483336560497912  0.992254730733728062782358  0.0144146322568137126606588  0.995552214532649848801639  0.00846068885845633372375617  0.999264446689385862660372  0.0014359435960272043072191  0.997759930043167987375255  0.00432655682193371004195213  
2.19911485751285526685055  0.990154059339019661158555  0.0130042597254135479975089  0.994303442404648610242982  0.00765307395958696865174466  0.999049438268915751743589  0.00130296712487832139670992  0.99711586778808700072714  0.00392080259038686871177551  
2.35619449019234492893882  0.988303142019535167726949  0.0113015749181957648176371  0.993197683834064114054025  0.00666655105804392568880513  0.998857922495332785654733  0.00113817929785170820914178  0.996543580970503788899612  0.00342098480841109451005937  
2.51327412287183459081025  0.98673880337533356499639  0.0093491718120037755446845  0.992259129490923993000689  0.00552574593409993741191175  0.998694527030600686886598  0.000945650964961066347940974  0.996056363614511768240015  0.00283951722088506179424681  
2.67035375555132425268168  0.985491106866416093556724  0.00719318169474065358570854  0.991507914334738419727139  0.00425815357895689680970373  0.998563187431266786225122  0.00073010829064698122418172  0.995665423420087981225875  0.00219057569865627891952855  
2.82743338823081391476995  0.984583344459433814461428  0.00488237394761310443186061  0.990959893258611945472247  0.00289352996299272148463411  0.998467058737921353604814  0.000496817859361498652642601  0.99537968039578792579054  0.00148976457064843395176413  
2.98451302091030357664138  0.984032083756972527483192  0.0024673771624965595722378  0.990626487134094886849011  0.00146330253532492134479906  0.998408445406015519784683  0.000251460995619415915701975  0.995205613318208131775917  0.000753769238573689374547596  
3.14159265358979323851281  0.983847231516796906069383  -4.82649668061253974528792e-21  0.990514584454595473908198  2.71049315725657475600172e-21  0.998388750581879583364479  7.41592260738943891464381e-21  0.995147151969325485755188  1.00178752946937105137475e-21  
3.29867228626928290060108  0.984032083756972527754242  -0.00246737716249655956884967  0.990626487134094886849011  -0.00146330253532492134141093  0.998408445406015520001523  -0.000251460995619415912313843  0.995205613318208132372228  -0.000753769238573689364383201  
3.45575191894877256225567  0.984583344459433814840899  -0.00488237394761310443863688  0.990959893258611945580667  -0.0028935299629927215049629  0.998467058737921353767444  -0.000496817859361498652642601  0.99537968039578792579054  -0.00148976457064843395854039  
3.61283155162826222434394  0.985491106866416093339883  -0.00719318169474065357215601  0.99150791433473841988977  -0.00425815357895689675549362  0.998563187431266786008282  -0.00073010829064698122418172  0.995665423420087981388506  -0.00219057569865627890597602  
3.76991118430775188621537  0.986738803375333565321651  -0.0093491718120037755446845  0.992259129490923993651211  -0.00552574593409993739835922  0.998694527030600687103438  -0.000945650964961066361493501  0.996056363614511768727906  -0.00283951722088506178069429  
3.9269908169872415480868  0.98830314201953516794379  -0.0113015749181957648311896  0.993197683834064114379286  -0.00666655105804392571591018  0.998857922495332785492103  -0.00113817929785170819558925  0.996543580970503789116452  -0.00342098480841109449650684  
4.08407044966673120995823  0.990154059339019661321185  -0.0130042597254135479568514  0.994303442404648610351402  -0.0076530739595869686246396  0.9990494382689157517978  -0.00130296712487832147802508  0.99711586778808700045609  -0.0039208025903868686575654  
4.24115008234622087226334  0.992254730733728062782358  -0.0144146322568137126877638  0.995552214532649848964269  -0.00846068885845633372375617  0.999264446689385862877212  -0.00143594359602720428011405  0.997759930043167987321045  -0.0043265568219337101232673  
4.39822971502571053370109  0.994561689430512414148832  -0.0154946639922613786850315  0.99691606545532929889962  -0.00906825987200798766421465  0.999497733374937887722896  -0.00153379461266932244677477  0.99846063835691221401928  -0.00462790943118754921777568  
4.5553093477052001960062  0.997025112810741511392386  -0.0162120415200765993323905  0.998363732368547791276234  -0.00945876113802630728074478  0.999743617814560849433973  -0.00159404821252123553624279  0.999201329486735653317552  -0.00481688348629601877375246  
4.71238898038468985787763  0.999589338400242852634807  -0.0165414102611580350740347  0.99986116020485543866422  -0.00961987603980506044885034  0.99999608695585546661944  -0.00161514145444845763003976  0.999964157769423506757871  -0.0048881111795779852370776  
4.86946861306417951974906  1.00219366932053744628263  -0.0164656615252954856645513  1.00137216800236619708084  -0.00954454795296467127258683  1.00024893912471685652153  -0.00159646659020241192517529  1.00073049382979360755197  -0.00483903381032345773792892  
5.02654824574366918162049  1.00477351836522514952604  -0.0159771872456289171433082  1.00285924956043817407245  -0.00923144860134665057034391  1.00049593515686373117971  -0.00153839465031715979886039  1.00148136519791399606794  -0.00467004268528728572044441  
5.18362787842315884349192  1.00726191942197010667764  -0.0150790030836807241909799  1.00428450227026389582688  -0.0086853257009241251977022  1.00073095319793337477487  -0.0014422750259942203365001  1.00219793040737599324787  -0.00438455005932491804999593  
5.34070751110264850536336  1.00959140408185439044195  -0.0137856222198295538187551  1.00561066605087503686954  -0.00791719015514399170421224  1.00094814327022818209456  -0.00131041019877375225759913  1.00286197490923613341758  -0.00398898037880490247348089  
5.49778714378213816723479  1.011696201098815402512  -0.012123553812616663893616  1.00680224116132996923546  -0.00694430560712141703243704  1.00114207744511997399701  -0.00114600544568699028668245  1.00345641403287845472552  -0.00349267426539385107513158  
5.6548667764616278295399  1.01351467034639035477098  -0.0101313065167001473468582  1.00782664069354328632844  -0.00578995030285401598773784  1.0013078913339059201025  -0.000953094108858476465450521  1.0039657856034677073289  -0.00290770088317952762652259  
5.81194640914111749097765  1.01499183700143269981544  -0.0078588019851656203628408  1.00865532250693554639897  -0.0044829330886684733961569  1.00144141264461175773199  -0.000736439833879579103638816  1.00437671304128836309404  -0.00224857844017926181991694  
5.96902604182060715328276  1.01608185371944788799505  -0.00536614666587091069312621  1.00926483808100896230001  -0.00305686135959253993995676  1.00153927276707924566655  -0.000501418010274917854904309  1.00467831913746543357792  -0.00153190732888002260295851  
6.12610567450009681515419  1.01675019696985098095754  -0.00272176938015153885080596  1.00963773385500933091243  -0.00154917752348844649061543  1.00159899775105623251099  -0.000253879443302571557866676  1.00486257144996003688904  -0.00077592543647768495024275  
