0  1.05865612777313222671229  -1.48422484636965362598357e-20  1.19596794654129495684078  -1.75380590591059421805362e-21  1.05570254601801789915566  -1.38443356835332034761853e-20  1.13994336919800716379989  -4.26972004509504757587526e-21  1.02395151790693186952437  1.94810605637204543782775e-21  1.08459818681017845722232  8.96072659733390637023465e-21  
0.15707963267948966192564  1.05774765276518298523587  0.00990531772167120101230857  1.19154478492443051125104  0.037712477387291091300678  1.05487773929198657850339  0.00926543759409195047041649  1.13740502102183788676708  0.024968723772299924457943  1.02362620236900788860037  0.0038703598904812286523344  1.08324532929587598881812  0.0144452854843501564006871  
0.314159265358979323851281  1.05506870095492373713957  0.0194384811939959414162473  1.17878864652704327313591  0.0728506760996703350748973  1.05244059109154169506361  0.0182091942790818871287118  1.12997550587242700560493  0.0487262823353828870365581  1.0226616235378309745143  0.00762572573394385625205217  1.07926144350087524785477  0.028318321171652915382768  
0.471238898038468985776921  1.05075347078664743877621  0.02825503212577758560607  1.15909147502581253840349  0.103316796349312540315548  1.04849941430995196570055  0.0265300053744501809901632  1.11818009388890103172204  0.0701964090634043290991163  1.021091182497106101385  0.0111562239330038399552029  1.07286141675704935498272  0.0410933802598625896613377  
0.628318530717958647702562  1.04500934944270268227556  0.0360615288533971552989866  1.13435758320704397131545  0.127781597940046491676969  1.04322368820956245963425  0.0339647361347050511057744  1.10279957254490836851199  0.0885415332998107377148952  1.01896829076166059685309  0.014361779090275004783922  1.06437495699177771962558  0.0523298089692561492003789  
0.785398163397448309628202  1.03809605552449446238053  0.042631304833532453121012  1.10659112181066516871972  0.145724026067824198913498  1.03682953216162455217786  0.0403013103037330336440164  1.08475761856568148435755  0.103216279550520538874471  1.01636326222305893010513  0.0171559745711348775331923  1.05421063236202351177939  0.0616969596452829053450165  
0.942477796076937971553843  1.03030235187295423271089  0.0478113731886851128370826  1.07758321454101906554639  0.157279036605594627957387  1.0295628576252484492632  0.0453857970224140006899362  1.06500812989601006714087  0.113968626205970741046029  1.01335946241291143703808  0.0194688418597170524531291  1.04281649199451666284923  0.0689835083753985237313856  
1.09955742875642763342527  1.02192400639954431267997  0.0515210913156286098163461  1.04875264715437123495389  0.163007757189187618999601  1.02168255955326783997444  0.0491237063640572008637025  1.04444433782708998254083  0.120800772185044801964714  1.0100491042575217029648  0.0212484707184202049868281  1.03064380393026338645409  0.0740926966448473362176  
1.25663706143591729540512  1.01324564949022396750412  0.053744549136801879525311  1.02111661868618783406953  0.163682083632464080050033  1.01344565654506698173295  0.051476434097054085149963  1.02383999781508814306327  0.123908060044089437113767  1.00652906488647613089584  0.0224614744845504670965001  1.01811833630662159234231  0.0770273765126934543891624  
1.41371669411540695738497  1.00452783176285149557925  0.0545192060294791586041833  0.995338533975884638856091  0.160126744945107330424629  1.00509557348512190114338  0.0524543034174448515017351  1.00382235355872353305649  0.123613140701325096291237  1.0028970344281094880098  0.0230924595003239793982331  1.0056210492561051835338  0.077869520924139295022957  
1.5707963267948966192564  0.995999375816730247177114  0.0539231693023831291043928  0.971805699910733736517771  0.153123439402848566539238  0.99685401636194780885733  0.0521077621226797506228789  0.984870106200971639218503  0.120307240097486651235351  0.999248214992520291863592  0.0231427209495814240514285  0.993477911950784672986611  0.0767583747090238913395738  
1.72787595947438628112783  0.987854291629620398051785  0.0520629537269912289387721  0.950707808353347125782454  0.143363613367241590082295  0.988916286303098253211447  0.0505181051223955841441866  0.967327526222617201025634  0.11440435363672621657614  0.995672687337544087024348  0.0226284167235730328900014  0.981957220350789644820223  0.0738702551753369069775356  
1.88495559215387594310769  0.980252131431220278634346  0.0490628739243025312514405  0.932103052119193885348501  0.131433009918795838623026  0.981449493921347401433411  0.0477887434335603908592324  0.95142669796886586430773  0.106309509753814192332781  0.992253471267637190034346  0.0215784626832770900953067  0.971272266189553585506028  0.0694017148559782624014491  
2.04203522483336560497912  0.973320607120230274272518  0.0450566020539724751566533  0.915968574041399787087712  0.11781419692319643416703  0.974592961260497241647582  0.0440376567956429066627621  0.937312025557001059206368  0.0963994903264053983608017  0.98906523434915793714867  0.0200323580821636067835368  0.961587270605259364472835  0.0635566985549887785382885  
2.19911485751285526685055  0.967159446905638088456524  0.0401809681317724888473687  0.902236632483588523595541  0.102897784523645280854568  0.968460086679007485109451  0.0393913304644622587816476  0.925063384061311070856795  0.0850132705794766249088237  0.986173556074860729414675  0.0180381012524298236414724  0.953024873165758167135441  0.0565375926701795631160175  
2.35619449019234492893882  0.961844707254206746028981  0.0345718026757812422458584  0.890819429191080105329397  0.0869968247638785059514454  0.963141034672128534734753  0.0339802254234822060318354  0.91471610362386813450385  0.0724493578442270554730359  0.983634629997340846651634  0.0156503034738095453209071  0.945673940987281436815724  0.0485396614165609839000766  
2.51327412287183459081025  0.957432999552762994792138  0.0283614894551049853487585  0.881625602466901418536455  0.0703614819623654060652533  0.958705742712523170646031  0.0279356694760392954620266  0.906277186777735675564383  0.058967640088344562405401  0.981495280285896070813709  0.0129285606435552762142347  0.939596901052390121619577  0.0397482102186896628880346  
2.67035375555132425268168  0.95396529526344396658329  0.02167786378559743525041  0.874570883181764323788688  0.0531926495472822506970769  0.955206872143620103351135  0.0213879699356216389566549  0.899737857089283048922252  0.0447939484278683564303595  0.979793176204175293730631  0.00993610205760418088000684  0.934836143043608415817165  0.0303378185165155390777937  
2.82743338823081391476995  0.951470124349646469489022  0.0146441165830757450257377  0.869584796190103788600129  0.0356540824986891069565856  0.952682448228760541731643  0.0144655156048187272235989  0.895082864218757132438679  0.0301261029844426593633159  0.978557142981852148605395  0.0067387046802734507330618  0.931419279037610062927082  0.0204730663426379767578242  
2.98451302091030357664138  0.949966081493777920140547  0.0073794143798596052064465  0.866614742339855999157024  0.0178830825046692588035533  0.951158026818703029338625  0.00729463573516116861920021  0.892297062644996550131744  0.0151406705479706539552322  0.977807486336977724596456  0.00340383925285241242095669  0.929363193411743713156451  0.0103102889277584839045857  
3.14159265358979323851281  0.949463612593262377200177  -1.07173379347637438842216e-22  0.865628361197851185825178  -3.21209600185116890558571e-21  0.950648291231970113521112  2.04782388976159066532225e-21  0.891369740089843078101328  -3.29437257597323511338619e-21  0.977556267689776989596433  1.27032427825603104594221e-21  0.928676892810045877789133  2.90751858660636863815484e-21  
3.29867228626928290060108  0.949966081493777920086337  -0.00737941437985960521999903  0.866614742339855999319655  -0.0178830825046692588374347  0.951158026818703029284414  -0.0072946357351611686293646  0.892297062644996549914903  -0.0151406705479706539789491  0.977807486336977724921717  -0.00340383925285241242095669  0.929363193411743713156451  -0.0103102889277584839249145  
3.45575191894877256225567  0.951470124349646469760072  -0.0146441165830757450392902  0.869584796190103788437499  -0.0356540824986891069803025  0.952682448228760541731643  -0.0144655156048187272642565  0.895082864218757132601309  -0.0301261029844426593938091  0.978557142981852148225924  -0.00673870468027345076016685  0.931419279037610062656032  -0.0204730663426379767849293  
3.61283155162826222434394  0.9539652952634439666375  -0.0216778637855974352571862  0.874570883181764323571847  -0.0531926495472822507038532  0.955206872143620103405345  -0.0213879699356216389634312  0.899737857089283048868042  -0.0447939484278683564642408  0.979793176204175293730631  -0.00993610205760418088000684  0.934836143043608415871375  -0.0303378185165155391184513  
3.76991118430775188621537  0.957432999552762994629508  -0.028361489455104985335206  0.881625602466901418482245  -0.0703614819623654060991346  0.958705742712523170646031  -0.0279356694760392954755791  0.906277186777735675889643  -0.0589676400883445624392823  0.981495280285896071030549  -0.0129285606435552762277872  0.939596901052390121673787  -0.0397482102186896629151397  
3.9269908169872415480868  0.961844707254206746300032  -0.034571802675781242286516  0.890819429191080105383607  -0.0869968247638785059311166  0.963141034672128534843173  -0.0339802254234822060047303  0.91471610362386813472069  -0.0724493578442270554459308  0.983634629997340846434793  -0.0156503034738095452802495  0.945673940987281436869934  -0.048539661416560983859419  
4.08407044966673120995823  0.967159446905638088348104  -0.0401809681317724888880262  0.902236632483588523487121  -0.102897784523645280895226  0.968460086679007485272082  -0.0393913304644622587952002  0.925063384061311070802585  -0.0850132705794766249088237  0.986173556074860729252045  -0.0180381012524298236008148  0.953024873165758167135441  -0.0565375926701795631160175  
4.24115008234622087226334  0.973320607120230273947258  -0.0450566020539724751431008  0.915968574041399786816661  -0.117814196923196434153478  0.974592961260497241647582  -0.0440376567956429066221045  0.937312025557001058935318  -0.0963994903264053983472492  0.98906523434915793714867  -0.0200323580821636066480115  0.961587270605259364472835  -0.0635566985549887784976309  
4.39822971502571053370109  0.980252131431220278688556  -0.0490628739243025312785455  0.93210305211919388518587  -0.131433009918795838623026  0.981449493921347401487621  -0.0477887434335603909134425  0.951426697968865864416151  -0.106309509753814192332781  0.992253471267637190034346  -0.0215784626832770900682016  0.971272266189553585614448  -0.0694017148559782624285541  
4.5553093477052001960062  0.987854291629620398322836  -0.052062953726991228911667  0.950707808353347125999294  -0.143363613367241590095848  0.988916286303098253211447  -0.0505181051223955841712916  0.967327526222617201134054  -0.114404353636726216589693  0.995672687337544087186978  -0.0226284167235730328357913  0.981957220350789644928644  -0.0738702551753369070046407  
4.71238898038468985787763  0.995999375816730247339744  -0.0539231693023831291314979  0.97180569991073373646356  -0.153123439402848566539238  0.996854016361947809236801  -0.0521077621226797506228789  0.984870106200971639381133  -0.120307240097486651262456  0.999248214992520292026222  -0.0231427209495814240243234  0.993477911950784673040821  -0.0767583747090238913395738  
4.86946861306417951974906  1.00452783176285149547083  -0.0545192060294791585499732  0.99533853397588463853083  -0.160126744945107330302656  1.00509557348512190114338  -0.0524543034174448515559452  1.00382235355872353283965  -0.123613140701325096237027  1.0028970344281094880098  -0.0230924595003239793982331  1.00562104925610518342538  -0.077869520924139294995852  
5.02654824574366918162049  1.01324564949022396761254  -0.0537445491368018794982059  1.02111661868618783406953  -0.163682083632464080077138  1.01344565654506698184137  -0.0514764340970540851770681  1.02383999781508814306327  -0.123908060044089437113767  1.00652906488647613078742  -0.0224614744845504671507102  1.01811833630662159234231  -0.0770273765126934543620574  
5.18362787842315884349192  1.02192400639954431300523  -0.0515210913156286098976613  1.04875264715437123473705  -0.163007757189187618972496  1.02168255955326784008286  -0.0491237063640572008094923  1.04444433782708998254083  -0.120800772185044801964714  1.01004910425752170307322  -0.0212484707184202049055129  1.03064380393026338656251  -0.0740926966448473361362848  
5.34070751110264850536336  1.03030235187295423260247  -0.0478113731886851128099775  1.07758321454101906532955  -0.157279036605594628011598  1.02956285762524844893794  -0.0453857970224140006899362  1.06500812989601006703245  -0.113968626205970741018924  1.01335946241291143703808  -0.0194688418597170524531291  1.04281649199451666295765  -0.0689835083753985237042805  
5.49778714378213816723479  1.03809605552449446248895  -0.042631304833532453121012  1.10659112181066516871972  -0.145724026067824198859288  1.03682953216162455217786  -0.0403013103037330336440164  1.08475761856568148479123  -0.103216279550520538874471  1.01636326222305893010513  -0.0171559745711348773976671  1.05421063236202351145413  -0.0616969596452829052908064  
5.6548667764616278295399  1.04500934944270268270924  -0.0360615288533971552989866  1.13435758320704397131545  -0.127781597940046491676969  1.04322368820956245974267  -0.0339647361347050510786694  1.10279957254490836862041  -0.0885415332998107376877902  1.01896829076166059761203  -0.0143617790902750047297119  1.06437495699177771962558  -0.0523298089692561491732738  
5.81194640914111749097765  1.05075347078664743899305  -0.02825503212577758560607  1.15909147502581253807823  -0.103316796349312540342653  1.04849941430995196559213  -0.0265300053744501809901632  1.1181800938889010315052  -0.0701964090634043290449062  1.02109118249710610149342  -0.0111562239330038399280978  1.07286141675704935498272  -0.0410933802598625896884427  
5.96902604182060715328276  1.05506870095492373692273  -0.0194384811939959413891422  1.17878864652704327291906  -0.0728506760996703349664771  1.05244059109154169506361  -0.0182091942790818870609492  1.12997550587242700549651  -0.0487262823353828869416904  1.02266162353783097462272  -0.00762572573394385614363195  1.07926144350087524796319  -0.0283183211716529153014529  
6.12610567450009681515419  1.05774765276518298523587  -0.00990531772167120095809846  1.19154478492443051125104  -0.0377124773872910912600204  1.05487773929198657882865  -0.00926543759409195040943012  1.13740502102183788709234  -0.0249687237722999244714955  1.02362620236900788860037  -0.00387035989048122861845309  1.08324532929587598892654  -0.0144452854843501563939108  
