0  1.15139195894038061265645  9.29327542184156616796236e-22  1.52716187442868899491483  2.74618914868615899906543e-21  1.12522816219758258458623  3.43152859615940422386545e-21  1.46914463131169338019552  1.72869101063835630494371e-21  1.16798952209968166869158  2.64287467604128875640964e-21  1.35103675867831329599888  4.42029172960718192557089e-21  1.29733742059188730702361  -7.63293712184628237478028e-21  1.03519398203906055368467  9.33321185695335645832211e-21  1.21469216087510624175333  -8.02945822547927959300647e-21  1.15537044810279573012809  -8.66762676472398957244546e-21  
0.125663706143591729535091  1.14928596446732737194982  0.0230569520056931784698006  1.50840038171343389350985  0.113480403261603545292835  1.12373007813468108666115  0.0180837591614638430867132  1.45709279490578157264993  0.0895068527496665183778636  1.16550579974518177023193  0.0261476046565076751383  1.3420024667383740409228  0.0669502142684979393273356  1.29194133458874365358391  0.0498927016211048347392627  1.03488813182313309202952  0.00455619652637884399633012  1.21148502554126166015289  0.0335448596201148383289035  1.15348112039558572668001  0.0225851917570509955470403  
0.251327412287183459070183  1.14311531788888632362594  0.0451527709801718576775173  1.45780171572647772597515  0.210343341061688201082077  1.11931287157096600367451  0.0355713554679176872670016  1.42324733241099210100805  0.17030359358604009182756  1.15824961153943312955512  0.0511010262557705220265274  1.31664312668224478747921  0.12734748784508334900538  1.27635322396076875334833  0.0967401057817891892758912  1.03397738541436291748957  0.00902584511586184129862485  1.2021201195355686692709  0.0655349024049774393264629  1.14791183759831090960713  0.0444109708786236141297033  
0.376991118430775188632379  1.13329600066218070717437  0.0654353419963989963001501  1.38826907056323670228322  0.281729332154691053651668  1.11219793425087863430675  0.0519152000558813047617537  1.37342248097071854698661  0.236361690341644693175529  1.14676703099098645894597  0.0738187955100738045759873  1.27934711543642583438888  0.176665618336836509639771  1.25220341850399810774454  0.138049640805387972749283  1.03248189234359050343599  0.013324840315209738640656  1.18731462970569106760935  0.0946182216641315071339186  1.13894631759637303511541  0.0647800968954051194182917  
0.502654824574366918140365  1.12044316857540556756773  0.0832440475689608601653994  1.31245682627802835772471  0.327432562545346037235876  1.10272412073592952492899  0.0666562512979177197844274  1.3145313058352076453  0.285355100368855586518303  1.13185306138462352500487  0.0935231833093458887415112  1.23532826396017526783717  0.213179799993281758011422  1.22173035536466807759754  0.172223803571700861822979  1.03043437713674371040973  0.017373830443614441586481  1.16810943217701772365961  0.119791992535033620787249  1.12701907196023929920263  0.083108843075854893121205  
0.628318530717958647702562  1.10527963881165759002772  0.0981500129095283548865888  1.23877340306631924659198  0.35199211422548828525356  1.09130988214380650520603  0.0794493894616653502436902  1.25256949149403180344964  0.317958524904238078699625  1.11442114124631652498365  0.109746824476034685475747  1.18909553030590602713205  0.237435449534592207549571  1.18730176266762453085937  0.198612640165350630558003  1.02787891742926032847584  0.0211002788220465872489132  1.14569543186990071203732  0.140461684815582402889936  1.11266702269907906310952  0.0989598810121816595990803  
0.753982236861550377264758  1.08854637511484912118162  0.10995362900494052316191  1.17138224046736343347125  0.36095790417707865604122  1.07841216339848305287141  0.0900722278364559187312753  1.19176298283052814485933  0.336480837104885413795657  1.09538157049357841614154  0.122317630035433536257478  1.14380488028911648081074  0.251207149075306991029173  1.15104693983910419971626  0.217343086644633526766926  1.02486935586562772520537  0.0244401789962390411702162  1.12125362579409596202468  0.156418129861998466708208  1.09647669691545821088908  0.112054078245938918014348  
0.879645943005142106772744  1.07093245976397883549407  0.118650660438965555607081  1.11167662049689127865514  0.359090387839094163298674  1.06448899881135079824659  0.0984192328831632762015536  1.13462613186910673114625  0.343721099187070883997867  1.07555321403480847743898  0.131302454901662674134708  1.1013073593688245721588  0.256624619975562726488473  1.11466457322114983791335  0.229054616586472653728826  1.02146745152206444486737  0.027339358368954138310547  1.09584085409639032135214  0.167761022406371437543917  1.07903582614182552235158  0.122263393605848042248671  
1.00530964914873383628073  1.05303171996146118730847  0.124382703065359614914495  1.05961565381489621149452  0.349936280374888443369524  1.04997034105109800705344  0.10448546408777555433091  1.08239523005396480416409  0.34231521418461142877666  1.05561547866637428223606  0.136934478777000470629214  1.0624860613821051994474  0.255674855862705365476669  1.07938178552622578382312  0.23464769479437871542416  1.01774088588932861234627  0.0297543385211228866176793  1.0703293629866505236271  0.1748025888578262387104  1.06089525662803708938586  0.129590194580769319432269  
1.13097335529232556584293  1.0353244145434794819564  0.127385801952715181677633  1.01454969662691386108472  0.335971902353247259595927  1.03523885831236819908899  0.108344939915436730621442  1.03548481165512479978703  0.334474191569345867612161  1.03609470339955708035554  0.139543766158793092950572  1.02760996151688453888965  0.250006488261301642781441  1.04600474588444351657125  0.235096437880956676041359  1.01376123673354649409612  0.0316527538239710786208917  1.04539132896034282229313  0.177976933012479521652128  1.04254358439739147873093  0.134139317833718887078417  
1.25663706143591729540512  1.01817764086959883630765  0.127946017163817514397228  0.975645958389386641087214  0.318875606747459177856257  1.02062016698280316523342  0.110127974806745950836452  0.993835844701925198837935  0.321941749141304515844297  1.01737364256549602187576  0.139501527156357067082281  0.996602552800226913960226  0.240903495783246704816305  1.01500647219357322827669  0.231332574727962658660903  1.0096020218933435223926  0.0330133592275201487591281  1.02151282933426118646088  0.177768244350888318953876  1.0243940288757071071981  0.136088473456374012938259  
1.3823007675795090248589  1.0018571033327859933458  0.126365665204848286943921  0.942081533047613198098621  0.299770999439690530281128  1.00638063605214185623066  0.110000498618015723334678  0.95714476156202492644013  0.306045979689598858161648  0.999712949713467566791817  0.137180993373020600016848  0.969216629473309229626191  0.229330663145584989537394  0.986617465306004634627117  0.224186292562874777480357  1.0053368967538822343526  0.0338256808596114674617984  0.999022609482815221145554  0.174661010470449021622771  1.00678128959000425597832  0.135660975625143788105996  
1.50796447372310075452952  0.9865440784335127120128  0.122940394550278937665358  0.913118359544059623132944  0.2794071835287303813783  0.992730453170881409273411  0.108146968766301679993301  0.925001526782571710310569  0.287777775713489533660188  0.983276464915163736675574  0.13293327058336623620145  0.945137608066346509281576  0.215998187674203936242939  0.960903113306392414930644  0.214364865990267015354227  1.00103806671682005592725  0.0340893779980064483411603  0.978125132258793518675363  0.169109631364246606173118  0.9899654693082676013699  0.133103018704060228682507  
1.63362817986669248398329  0.972353357684338834743699  0.11794538857956270901388  0.8881233425465075741927  0.258282862214637878265234  0.979829800118344134893505  0.104757369057421412136778  0.896967793242077233149302  0.26786669761322884830354  0.968155387981755101726913  0.127074696360743662378046  0.924040137660555363366757  0.201422683730370965721266  0.937823376724902962799525  0.202453080460553804548088  0.996774952371186867268286  0.0338133919709352106911827  0.958931788039703711791321  0.161522700422217993569641  0.97414027220024818781198  0.128666268802323585017334  
1.75929188601028421354549  0.959349761430483883987465  0.111628395912981695069915  0.866565243595134452486185  0.236729201090770474151721  0.967796439603221266326748  0.100018068018264214154821  0.872618538420325798863394  0.246844481310255037826026  0.954389003403988205227488  0.119882087915538045532903  0.905616658231123529214888  0.185977252989764326761356  0.917275933488921481773898  0.188924467497268397947886  0.992613122732925500521853  0.033014957428789360566971  0.941487475854423961794601  0.15225722103033235617657  0.959443221193367414153207  0.122595570672583489713211  
1.88495559215387594310769  0.94756214812563298842147  0.10420741669170900800122  0.848003192711949379915815  0.214964574907515617267903  0.956713536313890746645879  0.0941059422382154031475662  0.851562474599391396024549  0.225094865653308104407526  0.941981278573959441386895  0.11159289086892958819822  0.889590057559667121754674  0.169929974775843912584484  0.899125976103834424334616  0.174156699559302125719933  0.9886134926507878554168  0.0317185456608373291204159  0.92579183422307167138348  0.141618938985663661404586  0.945966291719423055554469  0.115121048030452202587154  
2.01061929829746767256146  0.936994674349667272127053  0.095871301798545765655824  0.832073399787409817964044  0.193130740038862577833204  0.946636994197619011115214  0.087185055269752380363189  0.833450561579639599262687  0.202891469932303993164253  0.930913547189515238862792  0.102408056198245929119587  0.875717761188659808127468  0.153472519543339275380125  0.883226055884102010913941  0.158447518879343532955512  0.984831765313749374498274  0.0299547999326827540521496  0.911815475041854877377538  0.129866060597465696072137  0.933765955904241743963743  0.10645368610950789371001  
2.13628300444105940223208  0.927635503459431737434144  0.0867820016513043891753136  0.818476738009429954478612  0.17131687666303244203499  0.93760193989254065905772  0.0794052170818081898994627  0.817978100271340736787586  0.180426155235767383597494  0.921153871119305879587927  0.0924962046151367344901887  0.863791481587527389899434  0.136741062302086714041116  0.869428863816912197895036  0.142029451743707221865552  0.981318090091598261063242  0.0277595109038969130375689  0.899512011287759780846576  0.117214567950315435695269  0.922872097964581449014172  0.0967835022025943832321097  
2.26194671058465113168585  0.919463348617420792420821  0.0770776173090381425860931  0.806968097112487469844098  0.149575719367606040246079  0.929628217604899348999563  0.0709018540419637933298024  0.804883551862362680488858  0.157830130871292856545979  0.912663765218695229551604  0.0819981962986376910611794  0.853634979405345082812372  0.119831455538889123318231  0.857595170198881426640563  0.125082628453837156016094  0.978116899503846916428141  0.0251726675380862708502391  0.888826755491109530519112  0.103844045079325846431826  0.913295587248711848986794  0.0862795315890128355679114  
2.38761041672824286135647  0.912452277106398822929898  0.0668757246568619590561689  0.797347641198777785183274  0.127934506257137540672329  0.922724903629187407196402  0.0617967444968684741630994  0.793945858149551134846141  0.135189648776720949726595  0.90540291922378068857017  0.0710316110872900444486982  0.84510110489647804197285  0.102810222958934937300096  0.847598538514681764256386  0.10774559172817733287324  0.975266886386889481606616  0.0222376066877688931191104  0.879702887319381180623954  0.08990340781273037972166  0.905034500081767775058958  0.0750910146024830044673721  
2.51327412287183459081025  0.906575170572389114084875  0.0562766667337084590166853  0.789453810444401403499746  0.106402511206666459410951  0.916893924573928235206236  0.0521992929347949682124946  0.784981249477675802463193  0.112557705570870147555331  0.89933244630197741700979  0.0596948946154025888191598  0.838068776361592647733238  0.0857225499404754458568616  0.839327948386300574435716  0.0901242450141470869683937  0.972801082570945098936498  0.0190002734997370822733276  0.872085751136664393998957  0.0755162364793201419993951  0.898079095306701103253785  0.0633493266324719455094604  
2.63893782901542632048086  0.901806174108182180060907  0.045366658398156025097474  0.783157819591690128530666  0.0849763057219427666002447  0.912132894947182892777127  0.0422081147117720740195987  0.777840076836447283511414  0.0899628188048588257788151  0.894417074442289810232327  0.0480710786472242423291953  0.832440216111668581039709  0.0685981322123717482435378  0.832689107025552602704254  0.072299200697973718219983  0.970747002798609176022534  0.0155085953737136376918114  0.86592580102205560710002  0.0607855965764125452243261  0.892415699810906152861407  0.0511703280412421503985424  
2.7646015351590180497178  0.898122399504036687790075  0.0342206419419906103656661  0.778359407919081481273295  0.0636435025674491439915672  0.908437294463984009687974  0.0319127806825451297093326  0.772403950716656611879488  0.0674156721087463564287025  0.890626594764626850766424  0.0362310718863758403617556  0.828138584454676263569162  0.0514555065658130291271065  0.827604975897528256391627  0.0543318150422995458438983  0.969126821487878286872156  0.0118119645663543800594261  0.861180583840943099534476  0.0457983396199450889907216  0.888029672338147460725413  0.0386569193461661220884411  
2.89026524130260977938842  0.895505085580628566591706  0.0229048893669462107587013  0.774983630218732297680138  0.0423854818512806119653962  0.905802095242961691223555  0.0213956285346538586894071  0.768583328025277352725433  0.0449142230938214738403659  0.887936796568250596723565  0.0242365649996242470508973  0.825106059819263341057784  0.0343053149643431154263654  0.824015863642770623716596  0.036269185798458467125322  0.967957554659310592955722  0.00796081860771050265994635  0.857816047052619565856275  0.0306289346500802673850907  0.884907602969174945429544  0.0259016692726377797279804  
3.01592894744620150905903  0.893940365212098443268521  0.0114793799829378275088393  0.772978522067016845826116  0.0211794399400222174326787  0.90422293154739567469123  0.0107335885973035691393367  0.766315611759608316289234  0.022447723493163409238724  0.886330052506689459556992  0.0121426169840553363647376  0.823302369258463616807833  0.017152831740510856548031  0.821879315658933985060727  0.0181483634393178666556912  0.967251224454898002129942  0.00400630330446722791445046  0.855807376111068730513507  0.0153429102298576199055863  0.883038882671412346362944  0.0129894430525798647299367  
3.14159265358979323829597  0.893419744707953284801674  1.65462945991988337673704e-20  0.772313515696887883520572  2.51162403318743639665618e-20  0.903696884301330776985504  1.19321613236824281125717e-20  0.765563788663642766666936  2.93431448655606285379107e-20  0.885795665920676514109525  1.79663738815292652059905e-20  0.822703756211766329647754  1.97874477745942635346652e-20  0.821169947996074593092163  2.28887852278363590555063e-20  0.967014988872281337415043  8.85540278408834983730067e-21  0.855139502798002756618189  1.87335614304748714014224e-20  0.882416748867278704715825  1.80811109457669548938501e-20  
3.26725635973338496796659  0.893940365212098442943261  -0.0114793799829378275190037  0.772978522067016845934536  -0.0211794399400222174428431  0.90422293154739567469123  -0.0107335885973035691393367  0.766315611759608316506075  -0.0224477234931634092590528  0.886330052506689459340151  -0.0121426169840553363715139  0.823302369258463616862043  -0.0171528317405108565581954  0.821879315658933985331777  -0.0181483634393178666675497  0.967251224454898002129942  -0.00400630330446722791783859  0.855807376111068730784558  -0.0153429102298576199055863  0.883038882671412346688205  -0.0129894430525798647384071  
3.3929200658769766976372  0.895505085580628566700127  -0.0229048893669462107587013  0.774983630218732297625928  -0.0423854818512806119721725  0.905802095242961691386185  -0.0213956285346538587029597  0.768583328025277352508592  -0.0449142230938214738369778  0.887936796568250596615145  -0.0242365649996242470644498  0.825106059819263340840943  -0.0343053149643431154297536  0.824015863642770623933437  -0.0362691857984584671456508  0.967957554659310593226772  -0.00796081860771050264639383  0.857816047052619565856275  -0.0306289346500802673952551  0.884907602969174945429544  -0.0259016692726377797245923  
3.51858377202056842709098  0.898122399504036687790075  -0.0342206419419906103250085  0.778359407919081481273295  -0.0636435025674491439644622  0.908437294463984009850605  -0.0319127806825451296822275  0.772403950716656611879488  -0.0674156721087463564015974  0.890626594764626850766424  -0.0362310718863758403075455  0.828138584454676263786003  -0.051455506565813029113554  0.827604975897528256445837  -0.0543318150422995458303458  0.969126821487878286872156  -0.0118119645663543800458736  0.861180583840943099263425  -0.0457983396199450889636165  0.888029672338147460725413  -0.0386569193461661220545598  
3.64424747816416015676159  0.901806174108182179898277  -0.0453666583981560251245791  0.783157819591690128801717  -0.0849763057219427667018886  0.912132894947182892939758  -0.042208114711772074080585  0.777840076836447283728255  -0.0899628188048588258736828  0.894417074442289810123907  -0.0480710786472242423495241  0.83244021611166858131076  -0.068598132212371748297748  0.832689107025552603083725  -0.0722992006979737183080745  0.970747002798609176293584  -0.015508595373713637732469  0.865925801022055607587911  -0.0607855965764125453191938  0.892415699810906152861407  -0.0511703280412421504324237  
3.76991118430775188621537  0.906575170572389114084875  -0.0562766667337084590166853  0.789453810444401403337115  -0.106402511206666459404175  0.916893924573928235423077  -0.0521992929347949682124946  0.784981249477675802463193  -0.112557705570870147582436  0.89933244630197741673874  -0.0596948946154025888056072  0.838068776361592647733238  -0.0857225499404754458636379  0.839327948386300574489926  -0.09012424501414708697517  0.972801082570945099153338  -0.0190002734997370822597751  0.872085751136664394161588  -0.0755162364793201419858426  0.898079095306701103470625  -0.0633493266324719455162367  
3.89557489045134361566915  0.912452277106398823038318  -0.0668757246568619590697214  0.797347641198777785237484  -0.127934506257137540699434  0.922724903629187407304822  -0.0617967444968684741902045  0.793945858149551134683511  -0.135189648776720949726595  0.90540291922378068846175  -0.0710316110872900445164608  0.84510110489647804197285  -0.102810222958934937327201  0.847598538514681764256386  -0.107745591728177332893569  0.975266886386889481606616  -0.0222376066877688931462155  0.879702887319381180515534  -0.0899034078127303797284362  0.905034500081767775058958  -0.0750910146024830045215822  
4.02123859659493534512292  0.919463348617420792420821  -0.0770776173090381425996457  0.806968097112487469952519  -0.149575719367606040273184  0.929628217604899349053773  -0.0709018540419637933162498  0.804883551862362680326228  -0.157830130871292856478217  0.912663765218695229551604  -0.0819981962986376910882845  0.853634979405345083029212  -0.119831455538889123331784  0.857595170198881426586353  -0.125082628453837155988989  0.978116899503846916590771  -0.0251726675380862708637916  0.888826755491109530735953  -0.103844045079325846445378  0.913295587248711848932584  -0.0862795315890128355543589  
4.14690230273852707479354  0.927635503459431737271514  -0.0867820016513043891888662  0.818476738009429954532822  -0.171316876663032442062095  0.937601939892540659437191  -0.0794052170818081899265678  0.817978100271340736733376  -0.180426155235767383597494  0.921153871119305879587927  -0.0924962046151367344766362  0.863791481587527389899434  -0.136741062302086714068221  0.869428863816912197840826  -0.142029451743707221824894  0.981318090091598261117452  -0.0277595109038969130104638  0.899512011287759781171837  -0.117214567950315435763031  0.922872097964581448743121  -0.0967835022025943832050046  
4.27256600888211880446416  0.936994674349667272127053  -0.095871301798545765682929  0.832073399787409817964044  -0.193130740038862577833204  0.946636994197619010952584  -0.0871850552697523803360839  0.833450561579639599262687  -0.202891469932303993137148  0.930913547189515238700162  -0.102408056198245929106034  0.875717761188659808181678  -0.153472519543339275393677  0.883226055884102010913941  -0.158447518879343532955512  0.984831765313749374552484  -0.0299547999326827540250446  0.911815475041854877431748  -0.129866060597465696072137  0.933765955904241744126373  -0.106453686109507893750668  
4.39822971502571053413477  0.94756214812563298842147  -0.104207416691709008028325  0.848003192711949380132655  -0.214964574907515617389875  0.956713536313890746483248  -0.0941059422382154031340136  0.851562474599391396024549  -0.225094865653308104515946  0.941981278573959441386895  -0.111592890868929588211772  0.889590057559667121700464  -0.169929974775843912692904  0.899125976103834424388826  -0.1741566995593021258148  0.98861349265078785547101  -0.0317185456608373291204159  0.92579183422307167127506  -0.141618938985663661485901  0.945966291719423055608679  -0.115121048030452202682022  
4.52389342116930226337171  0.959349761430483883824834  -0.11162839591298169504281  0.866565243595134452377765  -0.236729201090770474138168  0.967796439603221266380958  -0.100018068018264214127716  0.872618538420325798971814  -0.246844481310255037866683  0.954389003403988205173278  -0.119882087915538045492245  0.905616658231123529323309  -0.185977252989764326788461  0.917275933488921481936528  -0.188924467497268397988544  0.992613122732925500467643  -0.0330149574287893605398659  0.941487475854423961686181  -0.152257221030332356190122  0.959443221193367414044786  -0.122595570672583489699658  
4.64955712731289399304233  0.972353357684338834635279  -0.11794538857956270901388  0.888123342546507574355331  -0.258282862214637878373654  0.979829800118344135001925  -0.104757369057421412055463  0.896967793242077233040882  -0.267866697613228848357751  0.968155387981755101781123  -0.127074696360743662405151  0.924040137660555363529388  -0.201422683730370965802582  0.937823376724902962962155  -0.202453080460553804588745  0.996774952371186866997236  -0.0338133919709352107182878  0.958931788039703712116582  -0.161522700422217993691614  0.97414027220024818759514  -0.128666268802323585017334  
4.77522083345648572271294  0.98654407843351271222964  -0.122940394550278937746673  0.913118359544059623295574  -0.27940718352873038143251  0.992730453170881409056571  -0.108146968766301679966196  0.925001526782571710147939  -0.287777775713489533633083  0.983276464915163736783994  -0.132933270583366236174344  0.945137608066346509227366  -0.215998187674203936229386  0.960903113306392415255905  -0.214364865990267015435542  1.00103806671682005603567  -0.0340893779980064483411603  0.978125132258793518892203  -0.169109631364246606254433  0.98996546930826760153253  -0.133103018704060228736717  
4.90088453960007745238356  1.00185710333278599302054  -0.126365665204848286889711  0.942081533047613198423881  -0.299770999439690530416654  1.0063806360521418559054  -0.110000498618015723253363  0.95714476156202492649434  -0.306045979689598858215858  0.999712949713467566791817  -0.137180993373020599989743  0.969216629473309229626191  -0.229330663145584989510289  0.986617465306004634410277  -0.224186292562874777480357  1.0053368967538822343526  -0.0338256808596114674346934  0.999022609482815221145554  -0.174661010470449021595666  1.0067812895900042558699  -0.135660975625143788051786  
5.02654824574366918162049  1.01817764086959883630765  -0.127946017163817514424333  0.975645958389386641141424  -0.318875606747459177883362  1.02062016698280316501658  -0.110127974806745950836452  0.993835844701925198566884  -0.321941749141304515790087  1.01737364256549602220103  -0.139501527156357067082281  0.996602552800226914285486  -0.240903495783246704816305  1.01500647219357322838511  -0.231332574727962658715113  1.00960202189334352250102  -0.033013359227520148732023  1.0215128293342611865693  -0.177768244350888319035191  1.0243940288757071071981  -0.136088473456374012965364  
5.15221195188726091129111  1.03532441454347948206482  -0.127385801952715181623423  1.01454969662691386108472  -0.335971902353247259623032  1.03523885831236819908899  -0.108344939915436730648547  1.03548481165512479978703  -0.334474191569345867693476  1.0360947033995570806808  -0.139543766158793093058992  1.02760996151688453921491  -0.250006488261301642835651  1.04600474588444351667967  -0.235096437880956676122674  1.01376123673354649420454  -0.0316527538239710786751018  1.04539132896034282229313  -0.177976933012479521652128  1.04254358439739147851408  -0.134139317833718887105522  
5.27787565803085264096173  1.05303171996146118752531  -0.12438270306535961488739  1.05961565381489621127768  -0.349936280374888443315314  1.04997034105109800705344  -0.10448546408777555433091  1.08239523005396480427251  -0.342315214184611428803766  1.0556154786663742824529  -0.136934478777000470629214  1.0624860613821051994474  -0.255674855862705365449564  1.07938178552622578393154  -0.234647694794378715451265  1.01774088588932861277996  -0.0297543385211228866718894  1.07032936298665052373552  -0.1748025888578262387104  1.06089525662803708927744  -0.129590194580769319432269  
5.40353936417444437063234  1.07093245976397883560249  -0.118650660438965555579975  1.11167662049689127876356  -0.359090387839094163325779  1.06448899881135079802975  -0.0984192328831632761202385  1.13462613186910673071257  -0.343721099187070883835236  1.07555321403480847711372  -0.131302454901662674188918  1.10130735936882457172512  -0.256624619975562726407158  1.11466457322114983791335  -0.229054616586472653674616  1.02146745152206444486737  -0.027339358368954138310547  1.09584085409639032178582  -0.167761022406371437543917  1.07903582614182552235158  -0.122263393605848042248671  
5.5292030703180360994356  1.0885463751148491210732  -0.109953629004940523189015  1.17138224046736343336283  -0.36095790417707865604122  1.07841216339848305297983  -0.0900722278364559187854854  1.1917629828305281451846  -0.336480837104885413985393  1.09538157049357841570786  -0.122317630035433536257478  1.14380488028911648016022  -0.251207149075306991002068  1.15104693983910419971626  -0.217343086644633526794031  1.02486935586562772509695  -0.0244401789962390412244263  1.12125362579409596224152  -0.156418129861998466789523  1.09647669691545821023856  -0.112054078245938918149873  
5.65486677646162782910622  1.10527963881165759002772  -0.0981500129095283548594838  1.23877340306631924680882  -0.35199211422548828525356  1.09130988214380650466392  -0.0794493894616653502165852  1.25256949149403180334122  -0.31795852490423807867252  1.11442114124631652454997  -0.109746824476034685475747  1.18909553030590602724047  -0.237435449534592207468256  1.18730176266762453096779  -0.198612640165350630503793  1.02787891742926032847584  -0.021100278822046587167598  1.14569543186990071236258  -0.140461684815582402917041  1.11266702269907906321794  -0.0989598810121816595448702  
5.78053048260521955877683  1.12044316857540556745931  -0.0832440475689608601653994  1.31245682627802835804997  -0.327432562545346037290086  1.10272412073592952536268  -0.0666562512979177197302173  1.31453130583520764497474  -0.285355100368855586518303  1.13185306138462352543855  -0.0935231833093458887686163  1.23532826396017526816243  -0.213179799993281758011422  1.22173035536466807759754  -0.172223803571700861822979  1.03043437713674371019289  -0.017373830443614441586481  1.16810943217701772365961  -0.119791992535033620760144  1.12701907196023929952789  -0.0831088430758548930669949  
5.90619418874881128844745  1.13329600066218070663227  -0.065435341996398996273045  1.38826907056323670260848  -0.281729332154691053543248  1.11219793425087863398149  -0.0519152000558813047346486  1.37342248097071854676977  -0.236361690341644692985794  1.14676703099098645916281  -0.0738187955100738044946721  1.27934711543642583428046  -0.176665618336836509517799  1.25220341850399810763612  -0.138049640805387972586652  1.03248189234359050321915  -0.0133248403152097385864459  1.18731462970569106739251  -0.0946182216641315070526034  1.13894631759637303500699  -0.0647800968954051193098714  
6.03185789489240301811807  1.14311531788888632405962  -0.0451527709801718574606768  1.45780171572647772695094  -0.210343341061688200892342  1.11931287157096600389135  -0.0355713554679176871179238  1.42324733241099210122489  -0.170303593586040091583615  1.1582496115394331299888  -0.0511010262557705218096869  1.31664312668224478780447  -0.12734748784508334884275  1.27635322396076875367359  -0.0967401057817891891268134  1.03397738541436291781483  -0.00902584511586184119020463  1.20212011953556867013826  -0.0655349024049774392044901  1.14791183759831091047449  -0.0444109708786236140890457  
6.15752160103599474778868  1.14928596446732737194982  -0.0230569520056931783884855  1.50840038171343389340143  -0.113480403261603544926917  1.12373007813468108644431  -0.018083759161463842978293  1.45709279490578157264993  -0.0895068527496665180864842  1.16550579974518177012351  -0.0261476046565076750569849  1.34200246673837404135649  -0.0669502142684979391172714  1.29194133458874365336707  -0.0498927016211048345834087  1.03488813182313309159584  -0.00455619652637884400988265  1.21148502554126166026131  -0.0335448596201148382204833  1.15348112039558572700527  -0.0225851917570509954792776  
