0  1.28827163712729061170563  0  1.1489152284460692222132  1.08065701138211580125807e-21  1.06609998129493879022358  -2.12306180480429744747852e-21  1.21485244353363325958955  8.26313401184482465233646e-22  1.14890183966075611348041  -3.41333914415567662417454e-22  
0.15707963267948966192564  1.28164447852591156416183  0.0560294962811045888660319  1.14619908470452165096237  0.0266100177135393827240566  1.06511518589648504311534  0.0110182387418579737358858  1.21020537156992631405879  0.0408003137876858628366921  1.14626827712244825090322  0.0263392777107229024955332  
0.314159265358979323851281  1.26251335541600375096411  0.108207659814707497960954  1.13825372025146494714843  0.0519138630311013537713257  1.06220599768663681160708  0.0216499409721488824561689  1.19674580033610648062848  0.0790143092456575394351231  1.13854900882858597421874  0.0514527468313117283680224  
0.471238898038468985776921  1.23293137635884235804931  0.153357024598605203101042  1.12565246242389254110582  0.0747557557294271347883238  1.05750368031936253744238  0.0315335675666565831852983  1.17579984482336657493091  0.112473857480857830374514  1.12625985247677422426606  0.0742420430708972603343117  
0.628318530717958647702562  1.19575334113489690124246  0.189412307804581703615148  1.10924313403455647214415  0.0942441593950507479769316  1.05121336914775529228216  0.0403542075604454216974861  1.14923463710762115369633  0.139708959784660387412267  1.11017391545663688333899  0.0938363670151150559370508  
0.785398163397448309628202  1.15404429606123781109142  0.215520080552678555018591  1.0900218306136201501912  0.109807462439349012473682  1.0435961698952116146269  0.0478592594671848979960907  1.11909323019156107192028  0.160025658239650213208365  1.09121676073223033856616  0.109647709425668728801815  
0.942477796076937971553843  1.11059671369673628588386  0.231855936657415056173287  1.06900931636240362546369  0.121190755203714194985023  1.03494846147006297498207  0.0538668736468603422389446  1.08728631021122076959033  0.173409719221102396789162  1.07035877922290395254743  0.121378006599165681645856  
1.09955742875642763342527  1.06765223941851683509257  0.239299996691236973306977  1.0471541434979746749848  0.128409172898900187113815  1.02558133743324370208954  0.0582672532279712975861923  1.05540243746222476672447  0.180335837286197791211198  1.04852497351154627875172  0.128987488373507252318608  
1.25663706143591729540512  1.02681958566032603425572  0.239103870197425318099363  1.02527246982607310162115  0.131679425659531826339299  1.01580253886129362667686  0.061018016032918038867223  1.02463780042403686297917  0.181561831059651544549713  1.0265329328469216708811  0.132639835186598448727628  
1.41371669411540695738497  0.989125483673296442585325  0.232626756232629903654451  1.00402254391205193934967  0.13134852372156905293474  1.00590232703605581606604  0.0621354368162126600939801  0.995811900337390400888855  0.177957658994861191904964  1.00506042575695836904705  0.13263978521462800748941  
1.5707963267948966192564  0.955129625843124772856686  0.221163178374561586900736  0.983905283463407845650096  0.127831895093366115583565  0.996143815311453039969616  0.0616835080851882131577728  0.969428946058520669471804  0.170387032746547933463013  0.98463772552612438901257  0.129374872535783952333822  
1.72787595947438628112783  0.92505329736282145079284  0.205851467850059328940472  0.965280896568488485526022  0.121566202768407499402385  0.986757536395757211872184  0.0597625068734937530117324  0.945753699249771485316109  0.159638467510417100852149  0.965657130913681012028982  0.123267848504233948655595  
1.88495559215387594310769  0.898894181690115608119804  0.187639977858110204426458  0.948393040037583227104719  0.11297727029141045867745  0.977939553589399981502108  0.056498311512102960304637  0.924883226542279553042489  0.146393774074446662475965  0.948392251648761520834308  0.114741963417036295347883  
2.04203522483336560497912  0.876516957224092786086882  0.167288551166169732734479  0.933394607684910754805997  0.102460919393328657701306  0.969852221586931642247856  0.0520332327230564133623003  0.906806337979904461565374  0.131221006861956367359743  0.933021176488266600860134  0.104198417095709323500576  
2.19911485751285526685055  0.857719178382747966414221  0.145388238348387469455326  0.920371693873827292258286  0.0903736433785799397801902  0.962626698260832630712688  0.0465187082148454324976379  0.891448911066993340541857  0.114581379258072811777494  0.919649569384505853543617  0.0920038635596409072153453  
2.35619449019234492893882  0.842276319240016597457172  0.12238825098412440941576  0.909364106581536410717822  0.0770301558298800919077605  0.956366423315718882790411  0.040109903686054259897573  0.878706492479504599959084  0.0968429192324359900014138  0.908331440758766169680464  0.0784854651382942912599171  
2.51327412287183459081025  0.829971012567810047634922  0.0986238835353613671187668  0.90038196747833259479506  0.0627054015796615779205765  0.951150944386734108150407  0.0329620687394528811292745  0.86846671415760809788556  0.0782964443685086832923001  0.899086588906843649194548  0.0639311914191932058966397  
2.67035375555132425268168  0.820611130455756302467651  0.0743423532234166129439249  0.893418572593327298613734  0.0476392576743852045245481  0.947039639134473966615435  0.0252283941919418576624019  0.860624129649081130776032  0.0591714588730230618208224  0.891914498483668434112778  0.0485935116082191144023183  
2.82743338823081391476995  0.814040420361300051427418  0.049725463466278841756724  0.888459966960292039537747  0.0320427244202888709547036  0.94407502725100511458637  0.0170590805753533768681339  0.85508968887461850641972  0.0396508854679735032834685  0.886804911649848373643781  0.0326951285714719178202578  
2.98451302091030357664138  0.810144421679200965537467  0.0249090847314922469021771  0.885491751419675688630426  0.0161048555383474927433238  0.942285478986759583079711  0.00860133054605905303120067  0.851796556257161013197329  0.0198843283420793378902673  0.883745463755660297172027  0.016435845191952385875792  
3.14159265358979323851281  0.808853533367200323779978  -8.60160348435588374875142e-21  0.884503586978049295588659  -5.09628346068287110665296e-21  0.941687206774714048458218  -8.2434636146936886161411e-22  0.85070348690857223257402  -6.10096345486129672447921e-21  0.882726793396979400119565  -5.33593812785216506899506e-21  
3.29867228626928290060108  0.810144421679200965537467  -0.0249090847314922469546932  0.885491751419675688738846  -0.016104855538347492773817  0.942285478986759583296551  -0.00860133054605905304983539  0.851796556257161013305749  -0.0198843283420793379377012  0.883745463755660297009396  -0.0164358451919523859062852  
3.45575191894877256225567  0.814040420361300051427418  -0.049725463466278841783829  0.888459966960292039537747  -0.0320427244202888709750324  0.94407502725100511458637  -0.0170590805753533768816864  0.85508968887461850652814  -0.0396508854679735033139617  0.886804911649848373643781  -0.0326951285714719178439748  
3.61283155162826222434394  0.820611130455756302467651  -0.0743423532234166129507012  0.893418572593327298722154  -0.0476392576743852045279362  0.947039639134473966778065  -0.0252283941919418576624019  0.860624129649081130776032  -0.0591714588730230618275987  0.891914498483668434112778  -0.0485935116082191144124827  
3.76991118430775188621537  0.829971012567810047634922  -0.0986238835353613671390956  0.90038196747833259468664  -0.0627054015796615779409053  0.951150944386734107933567  -0.0329620687394528811089457  0.86846671415760809777714  -0.0782964443685086833058526  0.899086588906843649302968  -0.0639311914191932059237447  
3.9269908169872415480868  0.842276319240016597457172  -0.122388250984124409429313  0.909364106581536410880452  -0.0770301558298800919145368  0.956366423315718882790411  -0.0401099036860542599179018  0.878706492479504600013294  -0.0968429192324359900285189  0.908331440758766169517834  -0.0784854651382942912463646  
4.08407044966673120995823  0.857719178382747966414221  -0.145388238348387469441774  0.920371693873827292258286  -0.090373643378579939773414  0.962626698260832630766898  -0.0465187082148454325111905  0.891448911066993340650277  -0.114581379258072811791046  0.919649569384505853652037  -0.0920038635596409072153453  
4.24115008234622087226334  0.876516957224092786086882  -0.167288551166169732761584  0.933394607684910754805997  -0.102460919393328657721635  0.969852221586931642247856  -0.0520332327230564133758528  0.906806337979904461565374  -0.131221006861956367373296  0.933021176488266600860134  -0.104198417095709323527681  
4.39822971502571053370109  0.898894181690115607848753  -0.187639977858110204358695  0.948393040037583226833668  -0.112977270291410458630016  0.977939553589399981122637  -0.0564983115121029602910844  0.924883226542279552771439  -0.146393774074446662435307  0.948392251648761520454838  -0.114741963417036295293672  
4.5553093477052001960062  0.92505329736282145079284  -0.205851467850059328940472  0.965280896568488485417602  -0.121566202768407499368503  0.986757536395757211872184  -0.0597625068734937529981799  0.945753699249771485207689  -0.159638467510417100825044  0.965657130913681012028982  -0.123267848504233948642042  
4.71238898038468985787763  0.955129625843124772856686  -0.221163178374561586927841  0.983905283463407845758516  -0.127831895093366115637775  0.996143815311453039969616  -0.0616835080851882131848778  0.969428946058520669471804  -0.170387032746547933490119  0.98463772552612438884994  -0.129374872535783952333822  
4.86946861306417951974906  0.989125483673296442585325  -0.232626756232629903654451  1.0040225439120519394581  -0.131348523721569052948293  1.00590232703605581606604  -0.062135436816212660066875  0.995811900337390400780434  -0.177957658994861191877859  1.00506042575695836893863  -0.132639785214628007462305  
5.02654824574366918162049  1.02681958566032603425572  -0.239103870197425318099363  1.02527246982607310162115  -0.131679425659531826325746  1.01580253886129362678528  -0.0610180160329180388265654  1.02463780042403686287075  -0.181561831059651544509055  1.02653293284692167077268  -0.132639835186598448714076  
5.18362787842315884349192  1.06765223941851683509257  -0.239299996691236973306977  1.04715414349797467487638  -0.128409172898900187113815  1.02558133743324370208954  -0.0582672532279712975861923  1.05540243746222476683289  -0.180335837286197791238303  1.04852497351154627896856  -0.12898748837350725233216  
5.34070751110264850536336  1.11059671369673628588386  -0.231855936657415056173287  1.06900931636240362535527  -0.121190755203714194971471  1.03494846147006297498207  -0.0538668736468603422524971  1.08728631021122076969875  -0.173409719221102396789162  1.07035877922290395265585  -0.121378006599165681645856  
5.49778714378213816723479  1.15404429606123781109142  -0.215520080552678555018591  1.09002183061362015029962  -0.109807462439349012500787  1.0435961698952116146269  -0.0478592594671848980096432  1.11909323019156107181186  -0.16002565823965021318126  1.091216760732230338783  -0.109647709425668728856025  
5.6548667764616278295399  1.19575334113489690135088  -0.18941230780458170357449  1.10924313403455647225257  -0.0942441593950507479701554  1.05121336914775529239058  -0.0403542075604454216636047  1.14923463710762115380475  -0.139708959784660387385162  1.11017391545663688333899  -0.093836367015115055916722  
5.81194640914111749097765  1.23293137635884235794089  -0.153357024598605203128147  1.12565246242389254132266  -0.0747557557294271348086526  1.05750368031936253722554  -0.0315335675666565831988509  1.17579984482336657514775  -0.112473857480857830415171  1.12625985247677422459132  -0.074242043070897260341088  
5.96902604182060715328276  1.26251335541600375074727  -0.108207659814707497899968  1.13825372025146494704001  -0.0519138630311013537577732  1.06220599768663681139024  -0.0216499409721488824426164  1.1967458003361064801948  -0.0790143092456575393876892  1.13854900882858597432716  -0.0514527468313117283544699  
6.12610567450009681515419  1.28164447852591156437867  -0.05602949628110458881521  1.14619908470452165117921  -0.0266100177135393827020337  1.06511518589648504322376  -0.0110182387418579737223333  1.21020537156992631405879  -0.0408003137876858627960345  1.14626827712244825155374  -0.0263392777107229024802866  
