0  1.9506205441650273426377  0  1.51246282836888111425315  -4.42414252049892032027526e-21  1.37199071701872742925447  1.0035973377403190053066e-20  1.55231157916546539938911  1.84860145824118689305284e-21  1.18764592742712903040113  4.1498810636280792863113e-21  
0.15707963267948966192564  1.88073005296875250293154  0.282874304355215945035564  1.49171898351282516872324  0.122107252077549906066182  1.35692872721684511098418  0.0883421881014644196701991  1.52909132940778756692447  0.133797091389814488162887  1.18396299509529674318618  0.0344253039358683283696367  
0.314159265358979323851281  1.71364139332103381505642  0.483343253030540478444328  1.43549708004518878821064  0.22607085100404086995215  1.31622132135503746013395  0.163391427807869017352544  1.46635355778254288211093  0.246961395260465774387573  1.17323051785713334800674  0.0669645569421038214458566  
0.471238898038468985776921  1.52182686048529129923656  0.587202667615804525141129  1.35766330913924869602197  0.301785685211211755362044  1.26011720072115154128202  0.217909889969630960328099  1.38000923403156241630468  0.328175938502840563559381  1.15633364147897680805285  0.095981854431842031935649  
0.628318530717958647702562  1.3471844531207642062156  0.621234702639634708766676  1.27225260909278184136371  0.348424057160872829071868  1.19881951855947413833423  0.25153388132822101171701  1.28602989291225593376615  0.376802739993586379980799  1.13455842974551055521264  0.12027321608135823808412  
0.785398163397448309628202  1.20193890666555249261641  0.613821143121342993652714  1.18902381575504347151727  0.370614032463869368572065  1.13924357247845719695589  0.26779644598299913980672  1.19535517193929581700098  0.398389687930651696158059  1.10937707735883668634484  0.139142441252279622926347  
0.942477796076937971553843  1.08528813655910212111495  0.583958908603821195471874  1.11312766254165580661218  0.374472266532608487587521  1.08490245918696293526019  0.271158939796583595724204  1.11358408791080031247697  0.400071045277161028205087  1.08224756259665596993657  0.152374991942547832231162  
1.09955742875642763342527  0.992741308884433487473315  0.542786326623742843738071  1.04650790251707956693417  0.365497931004864512135894  1.03703061815977406188213  0.265513956903981699904198  1.0426467392213734332795  0.38815965873483307928141  1.05446831443650562492795  0.160143279331276301453296  
1.25663706143591729540512  0.919526571903177199673787  0.496567992859735812507171  0.989322655536433411059376  0.347940040856435480007714  0.995653487383722650947999  0.253793853501630053113875  0.982472000550585437849728  0.367452030309323244010485  1.02710002897680374831131  0.162884623128515094292847  
1.41371669411540695738497  0.861550566141907110770826  0.448758640076603022714885  0.940893924009407835499195  0.324846542476966740554045  0.960268658746529047342752  0.238059641043623918091375  0.932091238405950869210046  0.341318504211030267149647  1.00094531530395803491443  0.161184522792168356028052  
1.5707963267948966192564  0.815541006511336810582292  0.401210810812542571578794  0.900238195865604390842607  0.298315952029439162597468  0.930206256970339264063003  0.219711839083159493835528  0.890246335012502725545554  0.312020502799378155985629  0.976567401590994275300053  0.15568321815500926196831  
1.72787595947438628112783  0.778954588575410025036438  0.354859126100881256673722  0.8663320557641507268197  0.26975495881118799606775  0.904796949896494648790321  0.199686574699536095836875  0.855685341824333433734685  0.281026357064169531952205  0.954329176129378833112055  0.147010756436583311942772  
1.88495559215387594310769  0.749838664663725510111519  0.310110047115187156065207  0.838231668466215059742994  0.240085126269010905205844  0.883439942106430742231257  0.178603996458645679555025  0.827287335858016716137568  0.249260614538253501938159  0.93443851617841512468372  0.135747953499472999097522  
2.04203522483336560497912  0.72670289321151351888059  0.267066802800326362314631  0.815117581151723074163549  0.209894238139867886437217  0.865623458149153856828854  0.15687191897883325173422  0.804101780614705256345666  0.217283399709543397973618  0.916991365430982637333649  0.122407356461809381872495  
2.19911485751285526685055  0.708414254968263395041781  0.22566053758062253421291  0.796303699747235707747089  0.17954267501197199550123  0.850924570969320413229252  0.134755796431279787635877  0.785348619115297890661172  0.185413815916282105633345  0.902008464578956317713766  0.107427955442034248190034  
2.35619449019234492893882  0.694115509943962611522084  0.185727054738980444447511  0.781230541675697531898287  0.149236788215192011367765  0.839001271987564624171233  0.112425418838578952851644  0.770402651917838247191961  0.153812913551550840536662  0.889464545642108034859217  0.0911784199216512775788357  
2.51327412287183459081025  0.68316356532009862108281  0.147051478182774458594302  0.769452822005084180836433  0.119079122653424978556616  0.829582652040823924897463  0.0899861005058932124641238  0.758773595628512161287774  0.122538816879051585603127  0.879310390168434754414907  0.0739650509270319477065367  
2.67035375555132425268168  0.67508379604556169881549  0.109393778010240487713438  0.760626229256341811495092  0.0891027701203503183846675  0.822459685557253744906878  0.0674997079224622866005156  0.750086994109939849339434  0.0915831716286445761610524  0.871488838191782992301238  0.0560419441698973028951865  
2.82743338823081391476995  0.669536898645057618813681  0.0725028155032434797969414  0.754495615375998999086078  0.0592950108198048214718174  0.817477551956922084141783  0.0449990904394250704904695  0.744068092819655973080718  0.0608952730322266989440344  0.865945990415217249603578  0.0376218750237932158132087  
2.98451302091030357664138  0.666295613518158420145523  0.0361235156948111363734127  0.750885528662184941763556  0.0296138506879846347888944  0.814529748077791079135298  0.0224982735368855210975606  0.740529357024689959443538  0.0303982108716165271822241  0.862638730932170121317587  0.0188871325685809057394736  
3.14159265358979323851281  0.665229378265635486688033  -1.24519595380066302001969e-20  0.749693411391343490909542  -9.78615193828578860514906e-21  0.813553979941200871715996  -8.1663331981878971215361e-21  0.739361708659279117858681  -7.62542726366908872907879e-21  0.861539468356635251724933  -5.31686071353498242626628e-21  
3.29867228626928290060108  0.666295613518158420199734  -0.0361235156948111364479516  0.750885528662184941926187  -0.0296138506879846348515749  0.814529748077791079081088  -0.0224982735368855211382182  0.740529357024689959551958  -0.0303982108716165272499867  0.862638730932170121371797  -0.0188871325685809057835194  
3.45575191894877256225567  0.669536898645057618867892  -0.0725028155032434798308227  0.754495615375998999031868  -0.0592950108198048214921461  0.817477551956922084250203  -0.0449990904394250705141864  0.744068092819655973134928  -0.0608952730322266989779157  0.865945990415217249549368  -0.0376218750237932158403138  
3.61283155162826222434394  0.67508379604556169881549  -0.109393778010240487713438  0.760626229256341811386672  -0.0891027701203503183507862  0.822459685557253744852668  -0.0674997079224622865869631  0.750086994109939849339434  -0.0915831716286445761678286  0.871488838191782992301238  -0.056041944169897302881634  
3.76991118430775188621537  0.68316356532009862113702  -0.14705147818277445863496  0.769452822005084180944853  -0.119079122653424978597273  0.829582652040823924897463  -0.0899861005058932124844526  0.758773595628512161341984  -0.122538816879051585637009  0.879310390168434754469117  -0.0739650509270319477268655  
3.9269908169872415480868  0.694115509943962611522084  -0.185727054738980444474616  0.781230541675697531898287  -0.14923678821519201139487  0.839001271987564624008603  -0.112425418838578952831315  0.770402651917838247246171  -0.153812913551550840550214  0.889464545642108034967637  -0.0911784199216512775788357  
4.08407044966673120995823  0.708414254968263395041781  -0.225660537580622534199358  0.796303699747235707584458  -0.179542675011971995474125  0.850924570969320413175042  -0.134755796431279787635877  0.785348619115297890661172  -0.18541381591628210560624  0.902008464578956317876397  -0.107427955442034248217139  
4.24115008234622087226334  0.7267028932115135189348  -0.267066802800326362395946  0.815117581151723074271969  -0.209894238139867886545637  0.865623458149153856937275  -0.156871918978833251801983  0.804101780614705256454086  -0.217283399709543398027828  0.916991365430982637387859  -0.122407356461809381940257  
4.39822971502571053370109  0.749838664663725510003099  -0.310110047115187156010997  0.838231668466215059688784  -0.240085126269010905205844  0.883439942106430742231257  -0.17860399645864567963634  0.827287335858016716029148  -0.249260614538253501883949  0.9344385161784151245753  -0.135747953499472999124627  
4.5553093477052001960062  0.778954588575410025036438  -0.354859126100881256727932  0.8663320557641507268197  -0.269754958811187996094855  0.904796949896494648952951  -0.199686574699536095891085  0.855685341824333433788895  -0.28102635706416953197931  0.954329176129378833274685  -0.147010756436583311969877  
4.71238898038468985787763  0.815541006511336810636502  -0.401210810812542571633004  0.900238195865604391059447  -0.298315952029439162732994  0.930206256970339264171423  -0.219711839083159493876186  0.890246335012502725382924  -0.312020502799378155985629  0.976567401590994275408474  -0.1556832181550092619141  
4.86946861306417951974906  0.861550566141907110770826  -0.44875864007660302274199  0.940893924009407835390775  -0.32484654247696674052694  0.960268658746529047288542  -0.238059641043623918091375  0.932091238405950869264256  -0.341318504211030267203857  1.00094531530395803469759  -0.161184522792168355946737  
5.02654824574366918162049  0.919526571903177199673787  -0.496567992859735812534276  0.989322655536433411167796  -0.347940040856435480061924  0.995653487383722650568528  -0.253793853501630053059665  0.982472000550585437903938  -0.36745203030932324403759  1.02710002897680374841973  -0.162884623128515094292847  
5.18362787842315884349192  0.992741308884433487473315  -0.542786326623742843738071  1.04650790251707956682575  -0.365497931004864512081684  1.03703061815977406209897  -0.265513956903981699904198  1.0426467392213734332795  -0.38815965873483307928141  1.05446831443650562492795  -0.160143279331276301453296  
5.34070751110264850536336  1.08528813655910212111495  -0.583958908603821195471874  1.11312766254165580661218  -0.374472266532608487533311  1.08490245918696293558545  -0.271158939796583595778414  1.11358408791080031236854  -0.400071045277161028205087  1.08224756259665596982815  -0.152374991942547832176951  
5.49778714378213816723479  1.20193890666555249250799  -0.613821143121342993598504  1.18902381575504347140885  -0.370614032463869368626275  1.13924357247845719684747  -0.267796445982999139779615  1.19535517193929581732624  -0.398389687930651696212269  1.10937707735883668623642  -0.139142441252279623007662  
5.6548667764616278295399  1.34718445312076420664928  -0.621234702639634708766676  1.27225260909278184168897  -0.348424057160872829044763  1.19881951855947413822581  -0.251533881328221011635694  1.28602989291225593409141  -0.376802739993586379926589  1.13455842974551055542948  -0.120273216081358238057014  
5.81194640914111749097765  1.52182686048529129880288  -0.587202667615804525249549  1.35766330913924869580513  -0.30178568521121175549757  1.26011720072115154084834  -0.217909889969630960409415  1.38000923403156241576258  -0.328175938502840563613591  1.15633364147897680772759  -0.0959818544318420321524894  
5.96902604182060715328276  1.71364139332103381527326  -0.483343253030540478281697  1.43549708004518878842748  -0.22607085100404086989794  1.31622132135503746013395  -0.163391427807869017311887  1.46635355778254288243619  -0.246961395260465774346916  1.17323051785713334800674  -0.0669645569421038215136193  
6.12610567450009681515419  1.8807300529687525032568  -0.282874304355215944791618  1.49171898351282516872324  -0.122107252077549905923881  1.35692872721684511098418  -0.0883421881014644195685552  1.52909132940778756649079  -0.133797091389814487973151  1.1839629950952967432946  -0.0344253039358683283425316  
