0  1.09213178957217494464364  -8.74765918168777889100247e-21  1.13629861799453271112466  -6.38420402608636080125097e-21  1.11837475259697698441643  -1.34458244493382509499939e-21  1.10529519871725564756759  -4.86150700954352346020352e-21  1.0154791977612797947237  -8.86702156247892692007451e-21  1.03689611668841598357549  -4.85764541243998692821657e-21  1.02176023846878644564095  -7.9194992446894575399371e-21  1.07245784517794096285352  -4.39263931638986666970015e-21  1.01624843454252195983252  -5.71442770527601704177221e-21  1.09963376843908898407992  -2.97417094452365582532264e-21  
0.125663706143591729535091  1.09109538713113866416089  0.0130230031079711882368059  1.13444031892143018351582  0.020614852189372440152446  1.11703880089661622540195  0.0167582629875360222555108  1.10405354090558597863082  0.015129699004455777950381  1.0153500689157283573159  0.00197659094049153306801034  1.03656517060917349021786  0.00482716489627471747759905  1.02157691442104708206325  0.00278785099624067251894866  1.07171191283730006136785  0.00993365111097343179576125  1.01611189875962319630748  0.00207984532568751537807646  1.09847385470720848013246  0.0142526235125722457869335  
0.251327412287183459070183  1.0880325781078653288661  0.0256575540650221810311856  1.12898993588062086367452  0.0403973954521274215564519  1.11309060940153263172259  0.0330155410417169490632275  1.10039037943457360243724  0.0297721410226392104182692  1.01496519481384801612822  0.00391839713534290032297602  1.03558049229776497979563  0.00955704228758258515471005  1.02103062835640638671229  0.00552572427891317108849482  1.06950108918118243521087  0.0196118593610403601994294  1.0157050162898937406596  0.00412257638276984793757225  1.09505020705645074821123  0.0280557270843274885585962  
0.376991118430775188632379  1.08307757482702910107903  0.0375422434128008133445513  1.1203000968541571275407  0.0586053188515887384996876  1.10670286659996483145073  0.0483054011713359658839969  1.09448363849715287496409  0.0434783137465616528841714  1.01433203842810775851396  0.00579143348702947364083169  1.03396617702602099868152  0.0140955452402983837787071  1.0201323217034300533607  0.00816485168947247028163041  1.06590406701600595772237  0.0287930201452291438965979  1.01503587629532907965317  0.00609196809435715807385606  1.08952451888685686570007  0.0409939327239437966839369  
0.502654824574366918140365  1.07643848015556674367708  0.0483656647331189981094774  1.10889538451910891439945  0.0746554547846302702938438  1.09814364616804845163969  0.0622254028380012288448279  1.08660655849852161183942  0.0558691887031603031700533  1.013462794393101822619  0.00756328208246195236169607  1.03176113727652929473802  0.0183547740190726993225008  1.01889984775166812379539  0.0106588318369128190211135  1.06104493261510353060203  0.0372615857497458703218897  1.01411768088405146307548  0.00795353550611310027571629  1.08214579643316264310777  0.0527145294594675561318151  
0.628318530717958647702562  1.06837716044076781534648  0.0578822676019428359033697  1.09539744471127697110231  0.0881593397878700586454991  1.08775082529982721911335  0.0744576112878347720782203  1.07709819426863898637371  0.0666563388561110312910451  1.01237403756260529790953  0.0092037978541440802646113  1.02901735183185597346557  0.0222556002230692684634543  1.01735742160223235225087  0.0129646866749838873784451  1.0550837173929302966217  0.0448373735324047707436791  1.01296834266868225290538  0.00967531119100016563172942  1.07322427182910839691104  0.0629463438560976497261786  
0.753982236861550377264758  1.05918651630386829900869  0.0659197828816148121680498  1.08045031524244748764949  0.0989240637602858375546783  1.07590305222910150018383  0.0847784665727676759231467  1.06633104355558433994078  0.0756497802189950347041695  1.01108625773345992156487  0.0106857270336633224355315  1.02579763364432795225666  0.0257297060741364592750856  1.01553489493579392102373  0.015043776773412472746983  1.04820518377916227525416  0.0513812295701815286292887  1.01160995420202401884509  0.0112285194918742626038737  1.06310253452149828612503  0.0715074146277418784350098  
0.879645943005142106772744  1.04916862781479799319583  0.0723786506958776732433523  1.06466033739574708659806  0.106926650414121796435962  1.06299163825652679413528  0.0930584650371407652368972  1.05468114507475191983423  0.0827542646260420255115283  1.00962330436231216611396  0.0119852190888740636661716  1.02217309768142932215919  0.0287209954413782510778503  1.01346689531189189869501  0.0168625449312017118043416  1.04060727778533649754648  0.0567969396433820011529025  1.01006815832027574246239  0.0125881255660428253946104  1.05212854687741791186954  0.0783023986737910863997238  
1.00530964914873383628073  1.03861636951719739602011  0.077225170656876194515009  1.04855720988015932936509  0.112274213904151503692799  1.04939669301652688921354  0.0992537378279283530872106  1.04250427681174572978537  0.0879571648867637769994565  1.00801176817458669834632  0.0130822198161438938470704  1.01822051642111772735543  0.0311863553673967324033961  1.01119187453178369659815  0.018393069661879598609977  1.03249048404536724384689  0.0610298197701132635000333  1.00837145186270710174245  0.0137332459138555872492967  1.04063380912634803642566  0.0833123288014543407476158  
1.13097335529232556584293  1.02779988078698029008336  0.080480691011577571794826  1.03257574070121766873082  0.115161146141418577491583  1.035469336838270907079  0.103392398768054978892427  1.0301198041161203641054  0.0913117420802242070465571  1.00628032751271352738653  0.0139607405046007759650455  1.01401973604855653572718  0.0330958033974121439781168  1.00875111174211613970179  0.0196134223059270449394682  1.02404894888041321488435  0.0640627723716801519393115  1.00655045596848669844838  0.0146474159983039783975963  1.02891817453864486270332  0.0865799821666169174802551  
1.25663706143591729540512  1.01695814231945999355725  0.0822091121073494641828278  1.01705372564408347236739  0.115830941222793731387427  1.0215204054785564075471  0.105558531672599466858182  1.01780196988541598603333  0.0929191977091138790451454  1.00445908622046883667232  0.0146090049493081399557869  1.00965129585870924233248  0.0344321003070312479086602  1.00618771469188485927562  0.0205078329585984147124221  1.01546381292767735340325  0.0659107332780338488811009  1.00463718439300579233012  0.0153187188554207758472373  1.01724127902909820808913  0.0881938631924993140820965  
1.3823007675795090248589  1.00629509537568056153859  0.0825045232266627294047574  1.0022401628543684526905  0.114546281872574398611624  1.00781501989914411808198  0.105876156343621213808039  1.00577732289755498345293  0.0929119669036339751217075  1.0025789271317893369944  0.0150194820295260957217741  1.00519435364121583235345  0.0351899364114276592236611  1.00354565747868635446245  0.0210666801261502136698904  1.00689881616014914903975  0.066614391481860445098028  1.00266433750049892628664  0.015739785590853097290028  1.00581954806903152736461  0.0882730369456830098689017  
1.50796447372310075452952  0.995979311497513398337717  0.0814801743968611862675537  0.988308676331684237412797  0.111568010771909882189153  0.994571819765472517761284  0.104494760576815580552408  0.994226548541098911998364  0.0914396526056571539678875  1.00067090127117300723224  0.0151888162165151104906558  1.00072497765123922066656  0.0353748121614267716341165  1.00086888604265761954469  0.0212863264288236461746094  0.998497961908348704153197  0.066233902253785127450976  1.00066464439011038327527  0.0159076839254067514765325  0.994827307519443249463932  0.0869541483297882023358787  
1.63362817986669248398329  0.986146115566356339945074  0.0792593987867458309078952  0.975372451636481256165116  0.107141899797501399224696  0.981965490369283776014592  0.101577252584341492291161  0.983289016163575572884031  0.0886581187448930065081324  0.998765668177797239619085  0.015117671545367457051662  0.996314826686694000391128  0.0350017322696517459460971  0.998200514477009823199102  0.0211688274741906465927508  0.990384867679491911422046  0.0648431030264993694159055  0.998670269659785253546502  0.0158237143098809411064084  0.984400516878282067574808  0.0843811825987782355691733  
1.75929188601028421354549  0.976901171063520618476766  0.0759686487659290193754508  0.963498437709152566856344  0.101491465442982904440858  0.970131316017368439911118  0.0972906074273557334335712  0.973068665776155236125152  0.0847216609344597918395889  0.996892997822252535753285  0.0148105062620129686014542  0.992030207497348952955761  0.0340938206866879887072712  0.995582126770423326569091  0.0207215432541115280939492  0.982663374152058135234389  0.0625245335837802507336809  0.996712295225666897787592  0.0154931346202719673733981  0.974641879664871644975768  0.0806979719228253198368226  
1.88495559215387594310769  0.968324743185398134983927  0.0717325154604499581401707  0.952719700897820970470018  0.0948150574996927210434747  0.959170734550295403086223  0.0917990923180657847384655  0.963640245402984103601906  0.079777844310425139349118  0.99508133981350800406282  0.0142752956653686296112664  0.987931475017501363662144  0.0326809453449974577753795  0.993053190594744093452114  0.0199566813392959687214773  0.975419000473907462386933  0.0593653893325952794452578  0.994820281906531160792759  0.0149248342853333254847022  0.965626411125439125537635  0.0760431340712137466989005  
2.01061929829746767256146  0.960476082935394249410089  0.0666704477366509128003023  0.943045565681767605878839  0.0872857303012590487320739  0.949157146597172938172742  0.0852597406328106230323938  0.955055270621309619085391  0.0739644730355382375630493  0.993357461317350814479239  0.0135232198286345154205398  0.984072725887271664761777  0.0307984203792419119393104  0.990650582732985961350279  0.0188907991847032172549057  0.968720893039520672862693  0.0554544111182113008993522  0.99302191052359361968932  0.0141309772167800486880086  0.957406858636503046598373  0.0705469929593071067643354  
2.13628300444105940223208  0.953397577464793425077588  0.0608948339327560561682739  0.934469604202217292085453  0.0790527736973644354942069  0.940141488904839976758262  0.0778196597646889353053364  0.947347362024735147273489  0.0674081589125834945407383  0.991746151539677148016843  0.0125683311781344035591495  0.980501728421666282099756  0.0284858324188468229405842  0.988408220038817049305294  0.0175442895214035604308303  0.962623990996439697317207  0.0508796360097316819617267  0.991342698276539562984161  0.0131266304830114522307193  0.950018627115969965183772  0.0643300141899890893268203  
2.26194671058465113168585  0.947118469794867403764495  0.0545101199737232698262356  0.926975740772383444837645  0.0702441229352763685711471  0.932157286336113880020112  0.0696147573373149601121948  0.940536815948349409364972  0.0602240254948255469171609  0.990269987877356010349487  0.0114272146195926479177044  0.977260031002286190917119  0.025786018497728635650852  0.986356785573996191411432  0.0159408686056371439701725  0.957171207650525773997542  0.0457268924495801903305206  0.989805783221852613978572  0.0119293926600945964487405  0.943484047817101370060362  0.0575023376892634074367041  
2.38761041672824286135647  0.941658062642246264546675  0.0476126803085425399922272  0.920542804792702791202332  0.0609691406436671411831515  0.925225046411098706261936  0.0607695157668384640958802  0.934634390087067656155938  0.0525161769859805620995702  0.988949156925673487743278  0.0101186502974357950035466  0.974383194026960073284849  0.0227442072122727191054413  0.984523536775705562123281  0.0141070824844721951586484  0.952395493081472311312254  0.0400789095669331348834865  0.988431767776054500361516  0.0105590325365258512821517  0.937815950599914288773537  0.0501640657144607860309406  
2.51327412287183459081025  0.937028392881850936795007  0.0402912127305489363497627  0.915147858775089487952219  0.0513214649757140096235342  0.919355959582166294751047  0.0513975099246507712838147  0.929644356490286719420842  0.0443786537381824121989687  0.987801322407359980149431  0.00866328637986579603392839  0.971901096405171404388548  0.0194073223367148923947535  0.982932181041742750941641  0.0120718417989407325932854  0.94832169571653227930141  0.0340149144084840149198702  0.987238611195404353678036  0.00903714560479274334035436  0.93302057111443892112616  0.0424060445693451192991272  
2.63893782901542632048086  0.933236404506209545929585  0.0326274823548169549063775  0.910768587462010059620145  0.0413817563225510037337588  0.914554928204528851370253  0.0416024301617776222602979  0.925566907210809007588732  0.0358966766098314835376783  0.986841531663052816424932  0.00708332665875333955459196  0.969838274773095216556382  0.0158234390237072878099473  0.981602803801211169505269  0.00986599126397226387541516  0.944968179044151980114623  0.0276106044393563628927307  0.986241560802721464675143  0.00738683273573942195767755  0.929099859981055801083812  0.0343109502881657386794351  
2.7646015351590180497178  0.930285667756371491298774  0.0246972877079743156726664  0.90738498219475622691638  0.0312202657508307949114977  0.910822978124227951822467  0.0314794343200422840248589  0.922400006620227215351805  0.0271480469850780578969544  0.986082152503525007634141  0.00540223536583468581692398  0.968214261118254860085698  0.0120413765234873305413313  0.980551834745901398785253  0.00752191603064731869281558  0.942348175710117531541157  0.0209384002800613367317208  0.985453112183149598128987  0.00563240272632149682605811  0.926053273388014677822838  0.0259545476626574522996805  
2.89026524130260977938842  0.928177697754311800638558  0.0165715607763761875182969  0.904980503408180167056098  0.0208992053395223188648819  0.908159118107836250738309  0.0211167037420204474739696  0.920140779135380997932978  0.0182046182123873339774468  0.985532832851616762376117  0.00364445951656755549725422  0.967043891692873139255722  0.00811040745717162801718919  0.979792039218105411356452  0.00507318375980920522065522  0.940470877307840364062782  0.014067901633944616788277  0.984882989500356341948644  0.0037990981053636677620966  0.923879122752484247492726  0.0174070377205985880639358  
3.01592894744620150905903  0.926912922880436668574521  0.00831754285169786880198121  0.903542858371480090014759  0.0104749349737184177389155  0.906561710985223605046256  0.0105971188286524740981961  0.918786508458103794291447  0.00913378974613633669449861  0.985200476584877451167489  0.00183516734455709452972412  0.966337566595770517362263  0.00408006146857450809940521  0.97933252359036254019618  0.00255421846305469714514006  0.939342266685433582894607  0.00706648560280420875176575  0.984538138357279437381121  0.00191284169971876387955471  0.922575551473524675574322  0.00873444252379992425350155  
3.14159265358979323829597  0.926491345008580131339861  8.9546437306023215448583e-21  0.903064492324779780020247  1.23822965514378557432241e-20  0.906029411323533881395757  1.3418049780773354844428e-20  0.918335308431284817493479  8.70686508114750186786085e-21  0.985089230230836199327885  5.30306424292240419674135e-22  0.966101445085915546729955  5.3547146619317199438886e-21  0.97917874567000602614459  5.59987053093855776717978e-23  0.938965702689122193053822  8.76717495833191268853242e-21  0.984422725130231642074602  -6.86267491399771138729622e-22  0.922141193277172921513758  1.26394695157415443537289e-20  
3.26725635973338496796659  0.92691292288043666841189  -0.00831754285169786880706341  0.903542858371480089743708  -0.0104749349737184177448448  0.906561710985223605046256  -0.0105971188286524741075135  0.918786508458103794562497  -0.00913378974613633670296894  0.98520047658487745133012  -0.00183516734455709452633599  0.966337566595770517308053  -0.00408006146857450810956961  0.979332523590362539925129  -0.00255421846305469714683413  0.939342266685433582623557  -0.00706648560280420875515388  0.98453813835727943705586  -0.00191284169971876388124878  0.922575551473524675628532  -0.00873444252379992426197188  
3.3929200658769766976372  0.928177697754311800963818  -0.0165715607763761875352376  0.904980503408180167056098  -0.0208992053395223188750463  0.90815911810783625100936  -0.0211167037420204474976865  0.920140779135380998095609  -0.0182046182123873339909993  0.985532832851616762213486  -0.00364445951656755551419488  0.967043891692873138767831  -0.00811040745717162802057732  0.979792039218105411627503  -0.00507318375980920523420775  0.940470877307840363954362  -0.0140679016339446167950533  0.984882989500356341948644  -0.00379909810536366775870847  0.923879122752484247384306  -0.0174070377205985880707121  
3.51858377202056842709098  0.930285667756371491461404  -0.0246972877079743156692783  0.90738498219475622691638  -0.031220265750830794894557  0.910822978124227951985097  -0.031479434320042284028247  0.922400006620227215460225  -0.0271480469850780578935662  0.9860821525035250074173  -0.00540223536583468581692398  0.968214261118254859977278  -0.0120413765234873305481076  0.980551834745901398514203  -0.00752191603064731869959184  0.942348175710117531324317  -0.0209384002800613367181683  0.985453112183149597966356  -0.00563240272632149683961064  0.926053273388014677389157  -0.0259545476626574522827399  
3.64424747816416015676159  0.933236404506209545983795  -0.0326274823548169549334826  0.910768587462010059457515  -0.0413817563225510037506994  0.914554928204528851478673  -0.0416024301617776222907911  0.925566907210809007480311  -0.0358966766098314835580071  0.986841531663052816153881  -0.00708332665875333955459196  0.969838274773095216719013  -0.0158234390237072877963948  0.981602803801211169667899  -0.00986599126397226388219142  0.944968179044151980385674  -0.0276106044393563629130595  0.986241560802721464729353  -0.00738683273573942197123008  0.929099859981055801409072  -0.0343109502881657387133164  
3.76991118430775188621537  0.937028392881850937011848  -0.0402912127305489363294339  0.915147858775089487898009  -0.051321464975714009616758  0.919355959582166294317366  -0.051397509924650771290591  0.929644356490286719366632  -0.0443786537381824122192975  0.987801322407359980203641  -0.00866328637986579602715213  0.971901096405171404225918  -0.0194073223367148924150822  0.982932181041742751158481  -0.0120718417989407326000617  0.94832169571653227930141  -0.0340149144084840149334227  0.987238611195404353406985  -0.0090371456047927433335781  0.933020571114438920855109  -0.0424060445693451193126798  
3.89557489045134361566915  0.941658062642246264384045  -0.0476126803085425399718984  0.920542804792702791364962  -0.0609691406436671411831515  0.925225046411098706045095  -0.060769515766838464089104  0.934634390087067656155938  -0.0525161769859805620995702  0.988949156925673487851698  -0.010118650297435794989994  0.974383194026960073122218  -0.0227442072122727191054413  0.984523536775705562177491  -0.0141070824844721951315434  0.952395493081472311095413  -0.040078909566933134869934  0.988431767776054500578356  -0.0105590325365258512414941  0.937815950599914288827747  -0.0501640657144607860377168  
4.02123859659493534512292  0.947118469794867403601865  -0.0545101199737232698194593  0.926975740772383444729225  -0.0702441229352763685711471  0.932157286336113880291163  -0.0696147573373149601528524  0.940536815948349409744443  -0.0602240254948255469510422  0.990269987877356010186856  -0.0114272146195926479041519  0.977260031002286190754489  -0.0257860184977286356644045  0.986356785573996191736693  -0.0159408686056371439701725  0.957171207650525773943332  -0.0457268924495801903305206  0.989805783221852613870152  -0.0119293926600945964216355  0.943484047817101370006151  -0.0575023376892634074638092  
4.14690230273852707479354  0.953397577464793425077588  -0.0608948339327560561818264  0.934469604202217292085453  -0.0790527736973644355077595  0.940141488904839976649842  -0.0778196597646889353188889  0.947347362024735147436119  -0.0674081589125834945610671  0.991746151539677148016843  -0.012568331178134403545597  0.980501728421666282045546  -0.0284858324188468229405842  0.988408220038817049088453  -0.0175442895214035604579354  0.962623990996439697317207  -0.0508796360097316819617267  0.991342698276539563309422  -0.0131266304830114521765092  0.950018627115969965183772  -0.0643300141899890893268203  
4.27256600888211880446416  0.960476082935394249193248  -0.0666704477366509128274073  0.943045565681767605878839  -0.0872857303012590487388501  0.949157146597172938172742  -0.0852597406328106230188413  0.955055270621309619031181  -0.0739644730355382375901543  0.993357461317350814425028  -0.0135232198286345153934347  0.984072725887271664815988  -0.0307984203792419119393104  0.99065058273298596172975  -0.0188907991847032172549057  0.968720893039520673133743  -0.0554544111182113008857997  0.99302191052359361968932  -0.0141309772167800487015612  0.957406858636503046164692  -0.070546992959307106777888  
4.39822971502571053413477  0.968324743185398135038137  -0.0717325154604499581537233  0.952719700897820970849489  -0.0948150574996927210976849  0.959170734550295403303063  -0.0917990923180657847926757  0.963640245402984103764536  -0.0797778443104251393626705  0.99508133981350800433387  -0.0142752956653686296112664  0.987931475017501363770564  -0.0326809453449974577482744  0.993053190594744093940005  -0.0199566813392959687350299  0.975419000473907462657984  -0.0593653893325952794723628  0.994820281906531160630129  -0.0149248342853333254711496  0.965626411125439125483425  -0.0760431340712137467395581  
4.52389342116930226337171  0.976901171063520618585187  -0.0759686487659290193754508  0.963498437709152566747924  -0.101491465442982904454411  0.970131316017368439694277  -0.0972906074273557334335712  0.973068665776155236179362  -0.0847216609344597918802465  0.996892997822252536024336  -0.0148105062620129686285593  0.992030207497348952847341  -0.0340938206866879886801662  0.995582126770423326731722  -0.0207215432541115280668442  0.982663374152058135017548  -0.0625245335837802507201284  0.996712295225666897516541  -0.0154931346202719673327405  0.974641879664871644758928  -0.0806979719228253198232701  
4.64955712731289399304233  0.986146115566356340270335  -0.0792593987867458309756578  0.975372451636481256165116  -0.107141899797501399211144  0.981965490369283776123013  -0.101577252584341492291161  0.983289016163575572667191  -0.0886581187448930064810273  0.998765668177797239727506  -0.015117671545367457051662  0.996314826686694000174287  -0.0350017322696517459732022  0.998200514477009823144892  -0.0211688274741906465927508  0.990384867679491911422046  -0.064843103026499369375248  0.998670269659785253546502  -0.0158237143098809410793034  0.984400516878282067574808  -0.0843811825987782355691733  
4.77522083345648572271294  0.995979311497513398229297  -0.0814801743968611863082113  0.988308676331684237195956  -0.1115680107719098821756  0.994571819765472517923914  -0.104494760576815580579513  0.994226548541098911998364  -0.09143965260565715398144  1.00067090127117300744908  -0.0151888162165151104771033  1.00072497765123922066656  -0.0353748121614267717154317  1.00086888604265761943627  -0.0212863264288236461881619  0.998497961908348703827937  -0.0662339022537851274374235  1.00066464439011038305843  -0.0159076839254067515171901  0.994827307519443249789193  -0.0869541483297882024036413  
4.90088453960007745238356  1.00629509537568056153859  -0.0825045232266627294996251  1.0022401628543684526905  -0.114546281872574398679387  1.00781501989914411829882  -0.105876156343621213848697  1.00577732289755498356135  -0.0929119669036339752165752  1.00257892713178933666914  -0.0150194820295260958301943  1.00519435364121583246187  -0.0351899364114276592643187  1.00354565747868635402877  -0.0210666801261502137376531  1.00689881616014914903975  -0.0666143914818604451386855  1.00266433750049892617822  -0.0157397855908530973713432  1.00581954806903152758145  -0.0882730369456830099095593  
5.02654824574366918162049  1.01695814231945999366567  -0.0822091121073494641692753  1.01705372564408347225897  -0.115830941222793731360322  1.02152040547855640776394  -0.105558531672599466817524  1.01780196988541598581649  -0.0929191977091138790586979  1.00445908622046883678074  -0.0146090049493081399151293  1.00965129585870924222406  -0.0344321003070312478951077  1.00618771469188485927562  -0.0205078329585984147124221  1.01546381292767735329483  -0.0659107332780338488946534  1.00463718439300579189644  -0.0153187188554207758607898  1.01724127902909820830597  -0.0881938631924993140820965  
5.15221195188726091129111  1.0277998807869802897581  -0.0804806910115775718219311  1.03257574070121766905608  -0.115161146141418577450925  1.03546933683827090718742  -0.103392398768054978946637  1.03011980411612036399698  -0.0913117420802242070330046  1.00628032751271352771179  -0.0139607405046007759379404  1.01401973604855653572718  -0.0330958033974121440187743  1.00875111174211613926811  -0.0196134223059270449530207  1.02404894888041321488435  -0.0640627723716801518986539  1.0065504559684866985568  -0.0146474159983039783569387  1.02891817453864486270332  -0.0865799821666169175344652  
5.27787565803085264096173  1.03861636951719739623695  -0.0772251706568761945556666  1.04855720988015932958193  -0.112274213904151503706352  1.04939669301652688888828  -0.0992537378279283530872106  1.04250427681174572946011  -0.0879571648867637769723515  1.00801176817458669834632  -0.0130822198161438938741755  1.01822051642111772703017  -0.0311863553673967325118163  1.01119187453178369648973  -0.0183930696618795986506346  1.03249048404536724308795  -0.061029819770113263594901  1.00837145186270710120035  -0.0137332459138555872764018  1.04063380912634803599198  -0.0833123288014543407205108  
5.40353936417444437063234  1.04916862781479799308741  -0.0723786506958776732162473  1.06466033739574708659806  -0.106926650414121796449514  1.0629916382565267942437  -0.0930584650371407651962396  1.05468114507475191929213  -0.0827542646260420254844233  1.00962330436231216611396  -0.0119852190888740636797241  1.02217309768142932172551  -0.028720995441378251145613  1.01346689531189189826133  -0.0168625449312017118043416  1.040607277785336498197  -0.0567969396433820011935601  1.01006815832027574300449  -0.0125881255660428253268478  1.05212854687741791186954  -0.0783023986737910863997238  
5.5292030703180360994356  1.05918651630386829911711  -0.0659197828816148121544973  1.08045031524244748721581  -0.0989240637602858375275732  1.07590305222910149996699  -0.0847784665727676758960416  1.06633104355558434015762  -0.0756497802189950346906169  1.01108625773345992102277  -0.0106857270336633224084265  1.02579763364432795203982  -0.0257297060741364593021907  1.01553489493579392102373  -0.0150437767734124727876405  1.04820518377916227503732  -0.0513812295701815286157361  1.01160995420202401873667  -0.0112285194918742626038737  1.06310253452149828645029  -0.0715074146277418784485623  
5.65486677646162782910622  1.06837716044076781534648  -0.0578822676019428359304748  1.09539744471127697131915  -0.088159339787870058692933  1.08775082529982721900493  -0.0744576112878347720646678  1.07709819426863898648213  -0.0666563388561110313181501  1.01237403756260529769269  -0.00920379785414408027816383  1.02901735183185597379083  -0.0222556002230692684092442  1.01735742160223235268455  -0.012964686674983887324235  1.05508371739293029683854  -0.0448373735324047707301266  1.01296834266868225268854  -0.00967531119100016565883447  1.07322427182910839701946  -0.0629463438560976496990735  
5.78053048260521955877683  1.07643848015556674313498  -0.0483656647331189980688199  1.10889538451910891396577  -0.0746554547846302702531862  1.09814364616804845196495  -0.0622254028380012288380516  1.0866065584985216122731  -0.0558691887031603031700533  1.01346279439310182272742  -0.00756328208246195230748596  1.03176113727652929538854  -0.0183547740190726993496058  1.01889984775166812444591  -0.010658831836912819034666  1.06104493261510353103571  -0.0372615857497458703218897  1.01411768088405146285864  -0.00795353550611310024861123  1.08214579643316264299935  -0.0527145294594675561385914  
5.90619418874881128844745  1.08307757482702910086219  -0.0375422434128008133377751  1.12030009685415712743228  -0.0586053188515887384996876  1.10670286659996483177599  -0.0483054011713359658704444  1.09448363849715287539777  -0.0434783137465616528909477  1.01433203842810775829712  -0.00579143348702947365438422  1.03396617702602099933204  -0.0140955452402983838329172  1.02013232170343005379438  -0.00816485168947247030873547  1.06590406701600595739711  -0.0287930201452291439101505  1.01503587629532908008685  -0.00609196809435715808740859  1.08952451888685686570007  -0.0409939327239437966974894  
6.03185789489240301811807  1.08803257810786532908294  -0.025657554065022180990528  1.12898993588062086367452  -0.0403973954521274214954656  1.11309060940153263237311  -0.0330155410417169490293462  1.10039037943457360211198  -0.0297721410226392103708353  1.01496519481384801634506  -0.00391839713534290032975228  1.03558049229776497990405  -0.00955704228758258514793379  1.02103062835640638660387  -0.00552572427891317106816603  1.06950108918118243510244  -0.0196118593610403601723243  1.01570501628989374033434  -0.00412257638276984793079599  1.09505020705645074864491  -0.0280557270843274885450437  
6.15752160103599474778868  1.09109538713113866394405  -0.0130230031079711881792076  1.13444031892143018373266  -0.020614852189372440076213  1.11703880089661622561879  -0.0167582629875360221979126  1.10405354090558597863082  -0.0151296990044557778927828  1.0153500689157283573159  -0.00197659094049153305106968  1.03656517060917349021786  -0.00482716489627471746065839  1.02157691442104708119589  -0.00278785099624067250878427  1.07171191283730006147627  -0.00993365111097343175510367  1.01611189875962319619906  -0.00207984532568751536791207  1.09847385470720848024088  -0.0142526235125722457428878  
