9.867873332902732e-07	4.933930020794737e-06	2.466961767887043e-05	0.00012334790031187588	
1.856673734042995	0.1227866951634895	-0.08758062680558787	0.03235006055616907	
2.902901110998373	0.4725526091485772	-0.020311335553252263	-0.09907770881915212	
3.5743112809879003	0.5841285399791278	-0.02215558379445781	-0.10193588328957048	
4.019811224179181	0.5473822513663684	-0.11465694226404821	-0.13718993291968218	
4.317839514927082	0.4564720893202754	-0.17487765454671944	-0.08122432976506389	
4.518672695136066	0.3607708476983831	-0.18865066052069324	-0.011115394714579452	
4.6555564758893935	0.2783478645672268	-0.17524302617303533	0.03608902348469201	
4.750205142501049	0.21269388996298133	-0.15113947285692575	0.059203456467912474	
4.816666077750368	0.16209556279562065	-0.12525165092588963	0.06613170808850555	
4.864036839579753	0.1236124776096652	-0.10146571834124529	0.0640172295757111	
4.898266159958843	0.09446173425694226	-0.08109219459845463	0.05758493529174302	
4.923300985316265	0.07237502995717904	-0.06427299501132211	0.04960116220581767	
4.941804401145068	0.05560456637604716	-0.050678366123577234	0.04155503939546179	
4.955604242962691	0.04283354669713191	-0.03982985222197044	0.034170471227753296	
4.965975722660209	0.033077704193562596	-0.03124183367165756	0.02773667152496273	
4.9738219557196555	0.025602197548611372	-0.02447780041134706	0.02230894016838647	
4.979791201316493	0.019857335801944487	-0.019167468156865652	0.017826175514528586	
4.984354350841493	0.015430557290653013	-0.01500664040017341	0.014177332156123157	
4.987857042071799	0.012011026973873129	-0.011750180922348363	0.011237432666803215	
4.990555293710014	0.009363629702779264	-0.009202931342798593	0.008885859820111364	
4.992640249398352	0.007309844901552509	-0.007210736753592073	0.007014615324806073	
4.9942556028214735	0.005713635124362071	-0.005652451595523189	0.005531100609914574	
4.995510025638509	0.004470989192071784	-0.004433184065760543	0.004358067292741907	
4.996486132963015	0.0035021373716368487	-0.0034787583048228043	0.0034322401402278047	
4.997247017209857	0.0027457287833421162	-0.002731259816783904	0.002702438709093258	
4.997841053151549	0.0021544568184488355	-0.002145495777966744	0.0021276306383697374	
4.998305460144171	0.0016917584526083829	-0.0016862049185704109	0.0016751256198404008	
4.998668961881768	0.0013293139021612888	-0.0013258699960374543	0.0013189957280701492	
4.998953784911622	0.0010451455279145705	-0.0010430086157953156	0.0010387414131400874	
4.999177168703643	0.0008221674240012078	-0.0008208407751340019	0.0008181907628568297	
4.999352512339879	0.0006470753671017349	-0.0006462513150609084	0.0006446048064390197	
4.9994902490731565	0.000509494740654759	-0.0005089826277639986	0.0005079591883259127	
4.999598515939466	0.0004013248036400796	-0.0004010064129147395	0.00040036999325820943	
4.999683668207601	0.0003162327449821589	-0.0003160347077937331	0.0003156388183924719	
4.9997506758481425	0.00024926253048107583	-0.0002491392978924978	0.0002488928380444122	
4.999803429881069	0.00019653177102085806	-0.0001964550653497099	0.00019630140650406247	
4.9998449796696045	0.00015499644710459393	-0.00015494869569465664	0.00015485323092434555	
4.999877717102523	0.000122268009057791	-0.00012223819911127976	0.00012217857238283614	
4.999903519890445	9.647083093966557e-05	-9.645229343391293e-05	9.641524911785382e-05	
4.999923863049302	7.613117641724898e-05	-7.611952054276117e-05	7.609604108438361e-05	
4.999939906174152	6.0090227737674695e-05	-6.008305112459311e-05	6.006899684507516e-05	
4.999952561276449	4.743637390447475e-05	-4.743171282939329e-05	4.7423663090739865e-05	
4.999962545967189	3.7452695785589185e-05	-3.7450194497523626e-05	3.7446277019625995e-05	
4.999970425368296	2.9573730017773414e-05	-2.957172233664096e-05	2.9566885586973513e-05	
4.999976644326258	2.335518142615456e-05	-2.3354379635520672e-05	2.3353223241429077e-05	
4.999981553795613	1.8445688265700255e-05	-1.84444754438573e-05	1.844109237936209e-05	
4.999985429754501	1.456974299429703e-05	-1.4568660247959997e-05	1.4565380752173951e-05	
4.999988490294865	1.150971286634217e-05	-1.1511573092093386e-05	1.1521066880959552e-05	
4.999990907348377	9.09299358298199e-06	-9.093966411910515e-06	9.098025202547433e-06	
