0.0	0.0	0.0	0.0	
1.2659402318583668	0.1952160249374848	0.09138443506880023	-0.033439753416860896	
1.8293152122305643	0.37802885768679717	0.03595665433916473	-0.04773938100342434	
2.15760733723182	0.42512811351711743	-0.0064374436057903495	-0.0703932543867154	
2.3772859112880513	0.41291816491396105	-0.05374409837383709	-0.06797753211361623	
2.5354441525712703	0.3775762997546934	-0.08410293072806496	-0.034033934306648916	
2.65385338398032	0.3357242541528498	-0.0951707117936138	0.008183206287412759	
2.7444626280240225	0.2949170521203497	-0.09215988725154745	0.04406751213593907	
2.8147485387572933	0.25827710582808194	-0.0808394681029938	0.06918052467517555	
2.869801641410029	0.226757657006198	-0.06551616361254275	0.08417157457506619	
2.9132599169372915	0.2003018275453119	-0.04894252725086545	0.09133855234949806	
2.9477965378119135	0.17843121813383078	-0.032713250260194116	0.09307981840942148	
2.9754106578303143	0.1605338711099762	-0.0176648654708913	0.09137022867486166	
2.997616570915339	0.1459970308070968	-0.004169202250864146	0.08767200311217493	
3.015573097942531	0.13426247043766537	0.007673783111421528	0.08299809312484285	
3.0301747014028226	0.12484454817528245	0.017915227730895822	0.07801248298443397	
3.0421171515695242	0.11733289681962056	0.02668509471971703	0.07312251892346922	
3.0519439695723776	0.11137855601454838	0.03413894378245175	0.06857461810750465	
3.06008609011797	0.10670574427151358	0.040466084098490285	0.0644444054998985	
3.066868791525625	0.10305372205252006	0.04581075835957904	0.0607985329852454	
3.0726425096497234	0.1002829630560953	0.05040474667083572	0.05754083421697942	
3.0774166421655926	0.09792179174245419	0.05450442690521129	0.05412542351780303	
3.0820450500565855	0.09730455952487738	0.058769768907140474	0.04991508012005852	
3.085983191874507	0.09534464912675134	0.05474853510791888	0.06436313903134305	
3.099113843454081	0.14733158707626437	0.09983629970742669	-0.047331184274867155	
3.0831412835820684	0.06835945830092172	0.05775323755828765	0.05469430353764437	
3.0534271338474013	0.04527856726286039	0.14893729453738302	-0.1965952074424422	
3.0934137070505434	0.22122009117403607	0.16726043596325724	-0.26447188257657217	
4.059190661588799	2.248786481673566	-6.066636484056431	-4.908599870366288	
3.859666838049694	-1.160892343006731	-8.4669156520591	52.61646180415892	
1.997036100390868	16.92103452674483	105.79006853689697	-629.5112142069261	
10.607037360173251	-52.362625412787	713.6944492018113	-15007.192139043596	
2.8765852763161854	29.765898169747615	26.6176351863624	-2649.252360284911	
2.3056567367642593	-0.8774702281512843	11.23938687951716	3.956669016916436	
6.830139869923239	-16.40058805080263	86.6097015540123	-808.2359475768462	
4.393241746762587	-1.154011116753086	4.792022120594055	-22.79605818421578	
10.924010762215925	-55.142876002850755	799.9935128889879	-17596.776587551052	
3.710534776193579	-20.43586771763431	49.963566225495555	-1365.2544346588083	
13.443562675090018	-96.20614597913138	1880.2689553425125	-55227.95425045182	
-79.71926730288337	-6660.800019641444	-1087562.4519882011	-266308212.39051473	
