0.0	0.0	0.0	0.0	
1.8114904593532843	0.15297369373188063	-0.0952996922590188	0.012567987888033372	
2.6396496304486217	0.6113710018469565	0.10074242987628423	-0.23483366844448028	
3.084415666304788	0.6607725493627932	-0.1555629668247107	-0.4736606724699186	
3.3419900161822973	0.5940958066879993	-0.33017451012355536	-0.28142885445049615	
3.500413472038653	0.511285495280708	-0.3998071125766245	-0.03847259810891046	
3.603514453884541	0.43748673606067534	-0.4108221610781584	0.1354037574396898	
3.6743249332761025	0.3763386783954221	-0.3944377805496657	0.2381812998330588	
3.725446992973637	0.3262781371670602	-0.3667041015798418	0.2905946270916502	
3.7640285074062403	0.28501656123341945	-0.33534119220658454	0.3110765988355979	
3.794266534964744	0.25059769188300507	-0.303960078963712	0.3122900029215998	
3.81871205769965	0.2215316185344154	-0.2741848368758468	0.3022983259184002	
3.838970742035314	0.19671544685454556	-0.24667651367131782	0.2861110578601256	
3.856089696569344	0.17533102740490136	-0.22162808781774856	0.26681760807173305	
3.8707764545473706	0.15676259978406115	-0.1990072145717363	0.24631627237067732	
3.8835260537699523	0.14053783606957992	-0.1786772196419122	0.22576436609620032	
3.894696592857071	0.12628720127250048	-0.1604581601267796	0.20585420415250155	
3.9045552589422687	0.11371614460101753	-0.1441577692186513	0.18698357312496228	
3.9133070566232555	0.10258594097537	-0.12958695434764422	0.16936240608652042	
3.92111320120073	0.09270030480459823	-0.11656727347904905	0.15308060658912837	
3.9281031890574942	0.08389584625926538	-0.10493412959021953	0.13815173176203643	
3.934382966256512	0.07603513534703588	-0.09453790465195766	0.12454230808839384	
3.9400404431780562	0.06900170099184422	-0.08524387782185272	0.11219045209213618	
3.9451496704407343	0.06269590731050911	-0.07693074635442088	0.10101565873424079	
3.949772442740111	0.05703278504718057	-0.06949003359048334	0.090928293693878	
3.9539650354448233	0.05193643809809956	-0.06282772482441601	0.08185917505329598	
3.95777215903063	0.04734520882717774	-0.0568502850163668	0.07365821396933825	
3.9612352564181	0.04320241633343791	-0.05150123672369489	0.06635737128135588	
3.9644144235016205	0.03943401998415119	-0.0466755830850758	0.05978230342179813	
3.9672632930786813	0.03610456883828661	-0.04248461808786885	0.05416746680475626	
3.9699254055498066	0.033154529407909195	-0.04004113719945224	0.05586125225227079	
3.972005311166661	0.03044013176512017	-0.03525641449266459	0.04464324633772776	
3.974728685538417	0.021869362345144694	-0.014969453018764511	0.0008676361403558985	
3.975696177413931	0.025509007651212556	-0.023770284236704242	0.008238703477445597	
3.9780851578132266	0.027233677642589882	-0.023758147873550683	-0.02437880543175197	
3.984465510741423	-0.00018817574170881812	0.0020701092331876225	0.08027280478563625	
3.969328361510506	0.04882558914459345	-0.11234969880626977	0.3165526610057441	
3.9344136351104453	0.09890672452436	-0.13849591083304347	0.13945995462836436	
3.9321652955443223	-0.27351138585238566	1.3514590539047049	-4.925730043402382	
3.8205457428942893	0.652010020842857	-1.5206345510611783	2.2793554549346027	
