0.0	0.0	0.0	0.0	
1.830444686337969	0.1408063092710008	-0.0930573934029244	0.021847808887869746	
2.553040562784427	0.38158461018731327	0.029967076575232454	-0.05113253744684698	
2.904807105852442	0.40531988735983937	0.0003655507337754216	-0.058341508136209086	
3.102689532112607	0.3810418897711738	-0.01981631331619127	-0.05200020454969945	
3.22627408706078	0.35165216254694087	-0.0248316716877639	-0.054677015497759385	
3.3097072314581837	0.3265225434990313	-0.023544761865878172	-0.0650274126523982	
3.369534211414297	0.30684682504704064	-0.02113319107459688	-0.07781349502727153	
3.41461055520839	0.29188399200999093	-0.01972342331937682	-0.08968133973576187	
3.4500654961989876	0.2805673384706999	-0.01992179616956946	-0.09917911070999708	
3.479046985217449	0.2719255086663175	-0.02168318606364039	-0.10595169625094059	
3.503564317202661	0.26517501118028974	-0.024726102056945365	-0.11015152074094203	
3.52493292441451	0.2597173948305489	-0.028717375933339895	-0.11211685001671867	
3.5440282159593726	0.2551103757653781	-0.0333477745290196	-0.11221960409250187	
3.561439317436986	0.25103561043681566	-0.03835928336006589	-0.11079855982279696	
3.5775665250130455	0.2472677318060068	-0.04354078860725963	-0.10816565932418598	
3.5926884555712326	0.24365143125272937	-0.04871968298647289	-0.10463947210564584	
3.606976409985416	0.24009507299792432	-0.05388387937544792	-0.0999822216008397	
3.620672267520809	0.23655401449936697	-0.059304907386035666	-0.09321609273706599	
3.6336863257392116	0.23291780344468727	-0.062472612094467195	-0.09454144927576635	
3.6535091850252095	0.23367626920090423	-0.059820733183144625	-0.1756563980568444	
3.66093361038698	0.22270208815577952	-0.046308901736694	-0.18743105481757993	
3.7060592016750546	0.23358809897068866	-0.3157055160254316	0.8629145922986936	
3.693948229133803	0.27430631981447284	-0.5756635612850545	1.8325184374320997	
4.6031124984941645	-0.9217286776270761	5.879808679090473	-38.92559583945922	
2.7404595643449188	-0.034757014996311675	-0.9009928267439093	0.3640639474817817	
5.372941344914343	-9.430679720604797	83.31308963739858	-828.8274562201295	
-1.8075175138589747	-36.829595559548295	-431.37641956171404	-7792.244136995543	
-12.285877838890872	-245.34083924184372	-7656.328775146923	-359439.86380071193	
7.8862166014454615	-22.910899700875284	201.53107985338397	-2755.6251599952266	
-0.495591980142156	-34.968245736422475	-393.62980436076464	-6648.2110183238665	
0.43763378642114026	-11.987423329157702	-81.92414493226283	-839.0282361929037	
15.683855525597385	-124.53807150850936	2677.888521929651	-87958.65682567685	
5.99369187723297	-0.402080104255333	-9.288493137485375	38.73535909425664	
5.042645939619721	0.3178201971375323	56.54846426815209	-613.1582479632498	
9.300534554193751	-39.79374233439761	515.5735392328145	-9856.448302667115	
1.1073371692752758	-16.69429640238593	-83.63515614752171	-1148.9453022734174	
7.690412992674435	-20.338679027036555	186.26418222267978	-2530.3900176086718	
81.26218074324021	-7505.845127130777	1282303.6580954618	-332113485.70233184	
1.4900084334856325	-4.1461215986182625	-12.474401122991207	-85.97359462758173	
