6.721734280290548e-12	2.6801671992825798e-11	1.0695089258606982e-10	4.270361841867896e-10	
1.9262843681060844	0.06828163752027905	-0.058214789382581955	0.040307345417971874	
2.614172189612363	0.2619958289322879	-0.04303014048476683	-0.08185733381753835	
2.9665982565243927	0.32564423153436906	-0.0016558880180284063	0.008070377529975303	
3.1848541096250536	0.3335402376857495	-0.006484046202928084	-0.030688450543834733	
3.334615085222747	0.32056543364654466	-0.024652088452540966	-0.07064541416048087	
3.443746397303225	0.30060596740695367	-0.04381072795186469	-0.08974058877447533	
3.5264316461347525	0.2791863599577038	-0.060376119461366784	-0.09140996137330148	
3.5909099258450685	0.2584400163921199	-0.0735650894779809	-0.08224470506945636	
3.642413734915265	0.2390797813867458	-0.08347186871129963	-0.0675286021928514	
3.6844495539984834	0.22123014621965886	-0.09045796914101345	-0.05077628755816477	
3.719438020156688	0.20479412753629056	-0.09494671575106395	-0.034101776519946725	
3.749077877077099	0.18961403931319865	-0.09734999900271646	-0.01866558214305769	
3.7745742777989055	0.17553686286167647	-0.09804243664871137	-0.005027345118833182	
3.7967907959261664	0.16243571596309536	-0.09735406700916371	0.006612699641891595	
3.8163535806686197	0.1502123129592956	-0.09557060148800645	0.016259901168268698	
3.8337234367104673	0.13879233887535136	-0.09293664016819037	0.024031277914900784	
3.849245744822995	0.128119165959248	-0.08965982694417107	0.03009960883059648	
3.8631849394732267	0.11814813231506704	-0.08591507316337754	0.03466062925053848	
3.8757482421319027	0.10884208484989877	-0.08184851493756184	0.03791395788107366	
3.8871019617311924	0.10016822616113608	-0.07758112017531005	0.04005217476924372	
3.897382687497313	0.09209605217045969	-0.07321192919624764	0.041254695168390754	
3.9067049889208056	0.08459612523148508	-0.06882100824731197	0.041684713786708016	
3.915166747872227	0.07763941360495963	-0.06447205038890047	0.04148775708131325	
3.922852871989465	0.07119703934777988	-0.06021480888982467	0.040791765686662984	
3.9298379272884723	0.0652402471998137	-0.05608718592699802	0.03970748608116992	
3.936188030441998	0.05974049514774826	-0.05211714193046646	0.03832975847694797	
3.941962223751041	0.05466966926673855	-0.04832439303038427	0.03673858912338801	
3.947213547361047	0.05000021209840355	-0.044721836207472165	0.035000829034515846	
3.9519897673286626	0.04570534603400134	-0.04131687966369668	0.0331719934533794	
3.9563341818113447	0.041759106851600336	-0.038111788591677964	0.03129372365197014	
3.9602857902329847	0.03813706599366817	-0.035108040580297484	0.029410852704813806	
3.963879805083136	0.03481485583169608	-0.03229866006070381	0.027539469730527344	
3.967149920994828	0.031770920830338056	-0.029682817311055487	0.025710349924793263	
3.9701241347227416	0.028982462662879627	-0.02724539030018036	0.023916094555943346	
3.972828685732816	0.026432944781239698	-0.024996618353739564	0.022241901933739427	
3.9752900837364527	0.024095689737450243	-0.02288771942583878	0.020531946682922353	
3.9775264379050403	0.021973146704615587	-0.020995886021552224	0.01911049168597856	
3.9795572750267194	0.020033411482826224	-0.01920922999850916	0.017544981744322286	
3.981415572805254	0.018235982880673518	-0.017558682359393174	0.016260278495337843	
