3.088380107207911e-08	2.076587099396455e-07	1.4024972179951965e-06	9.511066249712599e-06	
1.7222259881135724	0.2006157131136752	-0.08916353014555689	-0.040861796421076235	
2.7433826585727212	0.5499091296582179	-0.027889472519348146	-0.1186395772809874	
3.426807248101002	0.7641780898062933	0.016272525570272478	-0.16954881039509928	
3.9227121320354157	0.8673328861339744	-0.008924398148309365	-0.20983982897359965	
4.30194701485105	0.9004556301208169	-0.061935665010167895	-0.21147698779122948	
4.6021831899147845	0.8927837233567786	-0.11274860517841034	-0.17803388024822198	
4.845599655321815	0.8629042769551418	-0.1494531206957106	-0.12854898133946335	
5.046376171605712	0.8222474362778875	-0.17042814475331625	-0.07943264721598098	
5.214183355272789	0.7776632319566161	-0.17836063736746155	-0.0395970516728994	
5.355950103945937	0.7331052370576643	-0.17703881045918024	-0.01173411709623906	
5.476827311111389	0.6907154401263611	-0.1699274606455674	0.005069329028628999	
5.580749564963273	0.6515236745561808	-0.15969540487884615	0.013208346452302067	
5.670782889184957	0.6158967988530577	-0.14818843467071474	0.015284225730283652	
5.749351888891702	0.583823980193138	-0.13657335689981664	0.013508221280062571	
5.818395160811392	0.5550946217748347	-0.1255191962555955	0.00952294647868257	
5.87947582836834	0.5294064950128856	-0.11535909499093577	0.004433610123669496	
5.933862679192484	0.5064290913305314	-0.10621551019789877	-0.0010805934462041478	
5.982591233794124	0.4858387577048475	-0.09808886457784638	-0.006643141296081012	
6.026510613980786	0.4673364666861559	-0.09091623648828318	-0.012074353421667183	
6.066320054432647	0.4506552280002012	-0.08460787121316571	-0.017311548589532322	
6.1025976698914635	0.4355615880052852	-0.07906836613329915	-0.02235388876943034	
6.13582331435634	0.4218539780924999	-0.07420783993450186	-0.027227068130741827	
6.166396861861479	0.4093595801262424	-0.0699468980640745	-0.031962485967596876	
6.194652896056476	0.3979306798953459	-0.06621798394644429	-0.03658627201184572	
6.2208725571040935	0.3874410437111919	-0.0629647945859233	-0.04111460460990202	
6.245293123047807	0.37778258741132476	-0.06014079956963769	-0.04555278135740082	
6.268115776574249	0.36886245001208096	-0.057707473257266884	-0.04989632760407403	
6.289511913030238	0.36060049564532193	-0.05563257311376901	-0.05413304296962451	
6.309628272641911	0.35292722083427464	-0.05388862531998484	-0.05824531833604851	
6.328591123138626	0.34578202274062875	-0.05245167720289601	-0.06221234605436621	
6.3465096743149445	0.33911177695506467	-0.051300319341407885	-0.06601203292666469	
6.3634788706233065	0.3328696742032875	-0.050414951118455065	-0.0696225450392376	
6.37958167956621	0.32701427001200756	-0.049777252367789515	-0.07302347447694046	
6.394890970982072	0.321508707460076	-0.04936982061019535	-0.07619666298160155	
6.4094710639814	0.31632007956984154	-0.04917593614368343	-0.07912672904240026	
6.423379003725246	0.3114189037725268	-0.04917942298925482	-0.08180135120710474	
6.436665618153407	0.3067786862474051	-0.049364577270125665	-0.08421136292236042	
6.4493763954225205	0.30237555816650286	-0.04971614375756417	-0.08635069949741592	
6.46155221486506	0.2981879696896712	-0.05021932092131465	-0.08821624620031798	
6.473229958196882	0.29419643043996757	-0.05085978451131723	-0.08980761569546303	
6.484443022504078	0.290383287868643	-0.05162372123061232	-0.09112686736625619	
6.49522175263069	0.28673253569899515	-0.052497860251946804	-0.09217823992003105	
6.505593807202921	0.28322964788370086	-0.05346950691614438	-0.09296783686295385	
6.515584469664076	0.27986143374075567	-0.05452657119076321	-0.09350334054579434	
6.525216914184582	0.27661590931855784	-0.05565758722912051	-0.09379373145566205	
6.534512433497881	0.27348218427820825	-0.05685172852713549	-0.09384903600584948	
6.543490635724475	0.27045036126787636	-0.05809881672985284	-0.09368008010460471	
6.552169614455378	0.2675114443152182	-0.05938931901300748	-0.09329828359841486	
6.560566097185692	0.26465725922098216	-0.06071434764123751	-0.09271546804848185	
6.568695574948136	0.26188037829705735	-0.062065642138691146	-0.09194369957367599	
6.576572415871581	0.25917405596316456	-0.06343557361606145	-0.0909950784589455	
6.584209965298125	0.25653216975732107	-0.06481710187313183	-0.08988172499812208	
6.591620636717767	0.25394915909703286	-0.06620376066371136	-0.08861563455138821	
6.59881598907384	0.2514199849312675	-0.06758964102016307	-0.08720858624838002	
6.605806798102658	0.24894007733519175	-0.06896936371936135	-0.08567201752521214	
6.612603119207595	0.2465052987996188	-0.07033805002436111	-0.08401706406584708	
6.619214346730466	0.24411190273762173	-0.07169129918463568	-0.08225446077631204	
6.625649261711541	0.24175650647608649	-0.07302516610195653	-0.08039447669398214	
6.631916084322642	0.23943604220413306	-0.07433606928918834	-0.07844714789098362	
6.638022512052332	0.23714775415763256	-0.07562086053326311	-0.07642220208254003	
6.643975750789634	0.2348891462094329	-0.0768768272394027	-0.07432745280311792	
6.649782572776349	0.23265798303351914	-0.07810147171142034	-0.07217247954031336	
6.655449322259191	0.23045226700389065	-0.07929273874458431	-0.06996464663097868	
6.660981970536045	0.22827014167194193	-0.08044861199812203	-0.06771245052004815	
6.666386111559514	0.22611002541230363	-0.0815676779467367	-0.06542240022463375	
6.671667023731077	0.22397045821318073	-0.08264862568864828	-0.06310099776237621	
6.676829654365141	0.221850136143523	-0.08369024352452925	-0.06075490610237466	
6.6818786889321515	0.21974789979340414	-0.08469181952023064	-0.05838927947843331	
6.686818516007767	0.2176627081255802	-0.08565234743912242	-0.05601121180734481	
