3.3250642017534915e-08	2.1878736112164108e-07	1.4505701845715905e-06	9.681912975209883e-06	
1.7042153338657589	0.2082961726988355	-0.08507417143028384	-0.052025833204446315	
2.7416546970021205	0.5539788664053438	-0.028238636862404576	-0.12245592592239518	
3.438959432145306	0.7622935049422814	0.01296755570335506	-0.14856786867460414	
3.9370393995281887	0.8743756445921473	0.008376961898292734	-0.16701134200479828	
4.308071615755761	0.9311514156185616	-0.021158569112657233	-0.19142985936105106	
4.593276258533446	0.9566195261915951	-0.05975096889207521	-0.217524712219074	
4.818006820168206	0.9641080680065919	-0.09919123045722245	-0.2412174823175519	
4.998722278014753	0.961117176008365	-0.1358560547205343	-0.26044492589880974	
5.146559046594336	0.9519779192007398	-0.16843559896693705	-0.2744807514882268	
5.269305564433232	0.9392549555391554	-0.1966988808957808	-0.2833459686207789	
5.37255922573735	0.9244990881860566	-0.22088165238500324	-0.28745056955904147	
5.4604362021749075	0.9086631760667281	-0.2413961421436852	-0.28737833546711045	
5.536023619211884	0.892339003254456	-0.2586978229912802	-0.283758989818125	
5.601676774561668	0.8758958938395445	-0.2732266591166308	-0.2771972071077471	
5.65921977177079	0.8595637903871349	-0.2853831975605772	-0.2682385065827475	
5.710084103347125	0.8434841051453077	-0.29552084587504623	-0.25735768490631017	
5.755406322103388	0.8277414280473963	-0.30394559805881727	-0.24495974477304117	
5.796098125198217	0.8123836215581122	-0.3109190886696638	-0.23138677665974683	
5.832897466523433	0.7974347340078864	-0.31666300120980395	-0.2169268867592109	
5.866406393490152	0.7829033938421688	-0.3213638668295289	-0.20182307116192533	
5.8971194479951246	0.7687883155926727	-0.3251777773656386	-0.18628107125186943	
5.925445264676056	0.755081934901412	-0.3282347815487583	-0.1704758984296859	
5.951723199665864	0.741772818104522	-0.3306428613088883	-0.15455705501790362	
5.976236283567946	0.7288472622356537	-0.33249145448610307	-0.13865262734543649	
5.999221422941088	0.7162903568891181	-0.3338545285064356	-0.12287247068798024	
6.02087751816918	0.7040866869585756	-0.334793230312016	-0.1073106962867314	
6.041371985488509	0.6922207951964268	-0.33535814835681776	-0.09204763916568481	
6.060846043087805	0.680677483996277	-0.3355912268825705	-0.07715144789472106	
6.079419029551597	0.6694420094641842	-0.3355273733545232	-0.0626794024828996	
6.097191956635377	0.6585002032632588	-0.3351957984959313	-0.04867903722333722	
6.114250450030831	0.6478385458482947	-0.33462112568491875	-0.03518912165236543	
6.1306671962361605	0.6374442068000263	-0.33382430304862964	-0.022240537189645693	
6.146503987295334	0.6273050626772729	-0.3328233483280769	-0.009857071998339961	
6.161813435482956	0.6174096992254405	-0.3316339527608534	0.0019438490271568298	
6.176640415117488	0.6077474026178891	-0.3302699671683058	0.013150490245607216	
6.191023277419932	0.5983081427274399	-0.3287437900328314	0.02375618012956693	
6.204994875552112	0.5890825506419759	-0.32706667478464624	0.03375873190634593	
6.218583430272821	0.5800618919410852	-0.325248970813675	0.043159906503206	
6.231813261230425	0.5712380368352399	-0.32330031043380814	0.05196491653441626	
6.244705404820773	0.5626034281978392	-0.3212297521561709	0.06018196762124717	
6.257278135798367	0.5541510481160117	-0.3190458897256008	0.06782184440271521	
6.269547407730285	0.5458743836803635	-0.3167569317831749	0.07489751679531764	
6.281527224033248	0.5377673924794877	-0.3143707607307533	0.08142379772471031	
6.293229950734819	0.5298244684093802	-0.3118949746328781	0.08741702201223234	
6.304666579340376	0.5220404080117333	-0.3093369155021719	0.09289476089361415	
6.315846947636249	0.5144103778815463	-0.30670368704318207	0.09787556255832897	
6.326779924918114	0.5069298833228899	-0.30400216788342505	0.10237872308243823	
6.337473566783806	0.49959473826611145	-0.3012390135049259	0.10642407036175427	
6.347935244877895	0.4924010368878342	-0.29842066225762665	0.11003179656654538	
6.358171754527825	0.4853451270714828	-0.2955533311724139	0.11322226791162393	
6.368189405505489	0.4784235874234142	-0.29264302115416285	0.11601593938212318	
6.377994094411241	0.47163320083646454	-0.28969550859631	0.11843317514103546	
6.387591370144385	0.464970934606022	-0.28671633577198463	0.12049412722990382	
6.396986481828324	0.4584339242184612	-0.2837108233646859	0.12221869870336377	
6.406184422654812	0.4520194505672066	-0.2806840582144332	0.12362644070708484	
6.415189964548408	0.445724929847394	-0.277640895142099	0.12473646769103652	
6.424007686676926	0.43954789443971976	-0.27458596432416016	0.12556744481662463	
6.432641997496555	0.43348598111554537	-0.27152364860751277	0.12613749715455924	
6.441097158174605	0.4275369241734026	-0.2684581216010429	0.1264641687994299	
6.449377292223928	0.4216985277234855	-0.26539325763110355	0.12656415812671185	
6.457486407216357	0.4159686885857852	-0.2623328469586568	0.12645456497193663	
6.465428391675174	0.41034536593120663	-0.25928030768295685	0.1261504717222124	
6.473207027990423	0.40482658595207255	-0.25623901278459016	0.12566738598434313	
6.480826031068676	0.3994103808420846	-0.2532118188120194	0.12501904738746816	
6.488288981249625	0.3940948850291335	-0.2502016700062768	0.12421995652766782	
6.495599424376956	0.38887826246188695	-0.2472112871880654	0.12328328474177397	
6.502760769924974	0.3837587099844839	-0.24424289605212834	0.12222069077688502	
6.509776399253344	0.37873450662860364	-0.24129909341104394	0.12104537103732582	
6.516649589604207	0.37380381467647084	-0.23838152928749423	0.11976723161387781	
