nu	A2	M12	M22	A3	M13	M23	M33	A4	M14	M24	M34	M44
0	0.012022449824196918	1.0014106733088763e-05	0.00013990686977451906	0.011991664233144506	1.0021012351368874e-05	0.00011640440311254097	0.0013557188927388224	0.011991664233144506	1.0021012351368874e-05	0.00011640440311254097	0.0013557188927388224	0.015827828412737388
1	0.02692402692720982	1.9663846785632304	0.11195408259068497	0.026036210994043265	1.9806927603794875	0.1274080864226744	-0.05653599660121728	0.025737299986400997	1.926281936009411	0.06831888379130513	-0.05790389560166709	0.04337219233222811
2	0.03762459729719653	3.3465686544590065	0.4209888676489708	0.03762459729719653	3.3465686544590065	0.4209888676489708	-0.14306032850227268	0.04489821172896786	3.496540975407378	0.5776660480087167	-0.13442110094260182	-0.07989603017335951
3	0.046627420395729466	4.435165050054808	0.7694334465732808	0.046627420395729466	4.435165050054808	0.7694334465732808	-0.09600710039137539	0.046627420395729466	4.435165050054808	0.7694334465732808	-0.09600710039137539	-0.18958296672099095
4	0.052732984752553815	5.293931123405253	1.0478576569750118	0.052732984752553815	5.293931123405253	1.0478576569750118	-0.022530058069833103	0.052732984752553815	5.293931123405253	1.0478576569750118	-0.022530058069833103	-0.21628775257613597
5	0.0563012952153866	5.98684814780072	1.2525749701537237	0.0563012952153866	5.98684814780072	1.2525749701537237	0.029341961697639363	0.0563012952153866	5.98684814780072	1.2525749701537237	0.029341961697639363	-0.22583390202089504
6	0.057796650494851984	6.556334537079227	1.3957081219158738	0.057796650494851984	6.556334537079227	1.3957081219158738	0.05095611437275238	0.057796650494851984	6.556334537079227	1.3957081219158738	0.05095611437275238	-0.24181770727227558
7	0.05767554900346053	7.031681875397409	1.491278809476455	0.05767554900346053	7.031681875397409	1.491278809476455	0.04763788552736514	0.05767554900346053	7.031681875397409	1.491278809476455	0.04763788552736514	-0.2656822735152673
8	0.056343113448439494	7.433766152199865	1.551349462153695	0.056343113448439494	7.433766152199865	1.551349462153695	0.02732257532352378	0.056343113448439494	7.433766152199865	1.551349462153695	0.02732257532352378	-0.2932860815672029
9	0.0541401886567715	7.777847539363946	1.5853611204256381	0.0541401886567715	7.777847539363946	1.5853611204256381	-0.0031874967372687024	0.0541401886567715	7.777847539363946	1.5853611204256381	-0.0031874967372687024	-0.32098286860855296
10	0.051344028325801774	8.075318099588388	1.6004194673741239	0.051344028325801774	8.075318099588388	1.6004194673741239	-0.03895669964981607	0.051344028325801774	8.075318099588388	1.6004194673741239	-0.03895669964981607	-0.3466252029174939
11	0.04817459889689484	8.334836158811157	1.601781964363525	0.04817459889689484	8.334836158811157	1.601781964363525	-0.07668804385571093	0.04817459889689484	8.334836158811157	1.601781964363525	-0.07668804385571093	-0.36917567527416395
12	0.04480273019915428	8.563086080847938	1.5933123169996293	0.04480273019915428	8.563086080847938	1.5933123169996293	-0.1142984538764722	0.04480273019915428	8.563086080847938	1.5933123169996293	-0.1142984538764722	-0.38822157793765655
13	0.041358354648451355	8.765300459768824	1.5778452143393764	0.041358354648451355	8.765300459768824	1.5778452143393764	-0.15053877689911133	0.041358354648451355	8.765300459768824	1.5778452143393764	-0.15053877689911133	-0.4036651057031122
14	0.03793806369688813	8.945626899151208	1.5574620161094401	0.03793806369688813	8.945626899151208	1.5574620161094401	-0.18470958772513768	0.03793806369688813	8.945626899151208	1.5574620161094401	-0.18470958772513768	-0.4155653322522994
15	0.034611697671120864	9.107390478168904	1.5336936283558913	0.034611697671120864	9.107390478168904	1.5336936283558913	-0.21646412586892438	0.034611697671120864	9.107390478168904	1.5336936283558913	-0.21646412586892438	-0.42406617845699657
16	0.031427922276218476	9.25328465891477	1.5076681050147585	0.031427922276218476	9.25328465891477	1.5076681050147585	-0.2456767349956408	0.031427922276218476	9.25328465891477	1.5076681050147585	-0.2456767349956408	-0.42936390476097586
17	0.028418854695833422	9.385512172393598	1.4802176672265972	0.028418854695833422	9.385512172393598	1.4802176672265972	-0.27235684406718974	0.028418854695833422	9.385512172393598	1.4802176672265972	-0.27235684406718974	-0.4316899672776344
18	0.02560384676493372	9.505890357105415	1.4519563717280732	0.02560384676493372	9.505890357105415	1.4519563717280732	-0.296593439850767	0.02560384676493372	9.505890357105415	1.4519563717280732	-0.296593439850767	-0.431299024814507
19	0.022992544455081317	9.615930862829762	1.4233366687446676	0.022992544455081317	9.615930862829762	1.4233366687446676	-0.3185195687956366	0.022992544455081317	9.615930862829762	1.4233366687446676	-0.3185195687956366	-0.42845873465557816
20	0.020587338829595903	9.716900622129772	1.3946907804878634	0.020587338829595903	9.716900622129772	1.3946907804878634	-0.3382898719548848	0.020587338829595903	9.716900622129772	1.3946907804878634	-0.3382898719548848	-0.4234407202748116
21	0.018385312573392213	9.80986896772064	1.366261135042123	0.018385312573392213	9.80986896772064	1.366261135042123	-0.3560665619122574	0.018385312573392213	9.80986896772064	1.366261135042123	-0.3560665619122574	-0.4165128909808118
22	0.016379772774934586	9.895744389461463	1.3382228737270054	0.016379772774934586	9.895744389461463	1.3382228737270054	-0.3720108543891456	0.016379772774934586	9.895744389461463	1.3382228737270054	-0.3720108543891456	-0.4079333341724123
23	0.014561447139440404	9.975303463786151	1.3107005867199746	0.014561447139440404	9.975303463786151	1.3107005867199746	-0.38627791582803184	0.014561447139440404	9.975303463786151	1.3107005867199746	-0.38627791582803184	-0.3979458278045058
24	0.012919408321327172	10.04921381234519	1.283780821381825	0.012919408321327172	10.04921381234519	1.283780821381825	-0.39901406814510665	0.012919408321327172	10.04921381234519	1.283780821381825	-0.39901406814510665	-0.3867768581112614
25	0.011441780009121242	10.11805246516488	1.2575214759591518	0.011441780009121242	10.11805246516488	1.2575214759591518	-0.4103554316948248	0.011441780009121242	10.11805246516488	1.2575214759591518	-0.4103554316948248	-0.37463392514473526
26	0.010116268871633636	10.182320656868468	1.2319588849427419	0.010116268871633636	10.182320656868468	1.2319588849427419	-0.4204274727212578	0.010116268871633636	10.182320656868468	1.2319588849427419	-0.4204274727212578	-0.3617048795131268
27	0.00893055840958688	10.24245583214916	1.2071131839064435	0.00893055840958688	10.24245583214916	1.2071131839064435	-0.4293451069643197	0.00893055840958688	10.24245583214916	1.2071131839064435	-0.4293451069643197	-0.34815803925448563
28	0.007872594008904091	10.29884145124947	1.1829923850401372	0.007872594008904091	10.29884145124947	1.1829923850401372	-0.4372131324939801	0.007872594008904091	10.29884145124947	1.1829923850401372	-0.4372131324939801	-0.33414286068000365
29	0.006930782893509918	10.351815048697983	1.159595481628017	0.006930782893509918	10.351815048697983	1.159595481628017	-0.44412684431245	0.006930782893509918	10.351815048697983	1.159595481628017	-0.44412684431245	-0.3197909796872409
30	0.006094128060626422	10.401674895719285	1.1369148177454065	0.006094128060626422	10.401674895719285	1.1369148177454065	-0.45017273594748985	0.006094128060626422	10.401674895719285	1.1369148177454065	-0.45017273594748985	-0.3052174750919221
31	0.005352311496718116	10.448685539201065	1.1149378995730927	0.005352311496718116	10.448685539201065	1.1149378995730927	-0.4554292277903187	0.005352311496718116	10.448685539201065	1.1149378995730927	-0.4554292277903187	-0.29052224531187676
32	0.004695738881348202	10.493082431198332	1.0936487807370696	0.004695738881348202	10.493082431198332	1.0936487807370696	-0.45996738508256385	0.004695738881348202	10.493082431198332	1.0936487807370696	-0.45996738508256385	-0.27579141651222017
33	0.004115555471496276	10.535075817874855	1.0730291215606798	0.004115555471496276	10.535075817874855	1.0730291215606798	-0.463851603412877	0.004115555471496276	10.535075817874855	1.0730291215606798	-0.463851603412877	-0.2610987277003005
34	0.003603640820099026	10.57485402204101	1.0530589979394165	0.003603640820099026	10.57485402204101	1.0530589979394165	-0.4671402496596784	0.003603640820099026	10.57485402204101	1.0530589979394165	-0.4671402496596784	-0.24650685663800687
35	0.0031525883352723017	10.61258622649516	1.0337175174775552	0.0031525883352723017	10.61258622649516	1.0337175174775552	-0.46988625274707374	0.0031525883352723017	10.61258622649516	1.0337175174775552	-0.46988625274707374	-0.2320686618477339
36	0.0027556743602908606	10.648424844332444	1.0149832869423108	0.0027556743602908606	10.648424844332444	1.0149832869423108	-0.4721376426291499	0.0027556743602908606	10.648424844332444	1.0149832869423108	-0.4721376426291499	-0.2178283314424334
37	0.0024068203902980942	10.682507545854376	0.9968347648404858	0.0024068203902980942	10.682507545854376	0.9968347648404858	-0.47393803858631145	0.0024068203902980942	10.682507545854376	0.9968347648404858	-0.47393803858631145	-0.20382243096537422
38	0.002100551191369073	10.714958998651209	0.979250525137715	0.002100551191369073	10.714958998651209	0.979250525137715	-0.47532708932112655	0.002100551191369073	10.714958998651209	0.979250525137715	-0.47532708932112655	-0.19008085245150141
39	0.0018319509109403832	10.74589236704952	0.962209452216257	0.0018319509109403832	10.74589236704952	0.962209452216257	-0.47634086822199606	0.0018319509109403832	10.74589236704952	0.962209452216257	-0.47634086822199606	-0.17662766695138998
40	0.001596618732846953	10.775410608825958	0.9456908826300037	0.001596618732846953	10.775410608825958	0.9456908826300037	-0.4770122275240283	0.001596618732846953	10.775410608825958	0.9456908826300037	-0.4770122275240283	-0.16348188580013812
41	0.0013906252082796552	10.803607600428222	0.9296747057324808	0.0013906252082796552	10.803607600428222	0.9296747057324808	-0.47737111513470154	0.0013906252082796552	10.803607600428222	0.9296747057324808	-0.47737111513470154	-0.15065813835826702
42	0.0012104700638108645	10.830569116570498	0.9141414325702186	0.0012104700638108645	10.830569116570498	0.9141414325702186	-0.4774448578850752	0.0012104700638108645	10.830569116570498	0.9141414325702186	-0.4774448578850752	-0.13816727079392876
43	0.0010530420311914966	10.856373685711194	0.8990722403566593	0.0010530420311914966	10.856373685711194	0.8990722403566593	-0.47725841461942764	0.0010530420311914966	10.856373685711194	0.8990722403566593	-0.47725841461942764	-0.1260168762964895
44	0.00091558104620617	10.881093339370521	0.8844489982342196	0.00091558104620617	10.881093339370521	0.8844489982342196	-0.4768346024529819	0.00091558104620617	10.881093339370521	0.8844489982342196	-0.4768346024529819	-0.1142117599665653
45	0.0007956430135322253	10.904794270338819	0.870254278777935	0.0007956430135322253	10.904794270338819	0.870254278777935	-0.47619429907399535	0.0007956430135322253	10.904794270338819	0.870254278777935	-0.47619429907399535	-0.10275434833602048
46	0.0006910672215910404	10.927537412439086	0.856471358721052	0.0006910672215910404	10.927537412439086	0.856471358721052	-0.47535662379414134	0.0006910672215910404	10.927537412439086	0.856471358721052	-0.47535662379414134	-0.09164504749060143
47	0.0005999464079607732	10.949378952535639	0.8430842116189723	0.0005999464079607732	10.949378952535639	0.8430842116189723	-0.47433909974688504	0.0005999464079607732	10.949378952535639	0.8430842116189723	-0.47433909974688504	-0.08088255597976968
48	0.0005205994157087518	10.970370783849154	0.8300774945706166	0.0005205994157087518	10.970370783849154	0.8300774945706166	-0.4731577993220526	0.0005205994157087518	10.970370783849154	0.8300774945706166	-0.4731577993220526	-0.07046413811622187
49	0.00045154633890204503	10.990560908279514	0.817436530650582	0.00045154633890204503	10.990560908279514	0.817436530650582	-0.47182747477108933	0.00045154633890204503	10.990560908279514	0.817436530650582	-0.47182747477108933	-0.0603858616668731
50	0.0003914860274802081	11.009993794305752	0.8051472883365705	0.0003914860274802081	11.009993794305752	0.8051472883365705	-0.4703616756046358	0.0003914860274802081	11.009993794305752	0.8051472883365705	-0.4703616756046358	-0.050642805043025874
51	0.0003392758043558662	11.02871069608222	0.7931963589284408	0.0003392758043558662	11.02871069608222	0.7931963589284408	-0.4687728543126468	0.0003392758043558662	11.02871069608222	0.7931963589284408	-0.4687728543126468	-0.04122923599788919
52	0.00029391323844554014	11.046749938553088	0.7815709327275897	0.00029391323844554014	11.046749938553088	0.7815709327275897	-0.467072461673979	0.00029391323844554014	11.046749938553088	0.7815709327275897	-0.467072461673979	-0.032138767186552286
53	0.0002545198142618728	11.06414717273421	0.7702587745677789	0.0002545198142618728	11.06414717273421	0.7702587745677789	-0.46527103276548587	0.0002545198142618728	11.06414717273421	0.7702587745677789	-0.46527103276548587	-0.02336449052381795
54	0.00022032634009335752	11.080935604743047	0.7592481991486295	0.00022032634009335752	11.080935604743047	0.7592481991486295	-0.4633782647829321	0.00022032634009335752	11.080935604743047	0.7592481991486295	-0.4633782647829321	-0.0148990924062673
55	0.00019065994138301102	11.097146201673114	0.7485280465074169	0.00019065994138301102	11.097146201673114	0.7485280465074169	-0.4614030874436139	0.00019065994138301102	11.097146201673114	0.7485280465074169	-0.4614030874436139	-0.00673495362570975
56	0.00016493249270287165	11.112807877001536	0.7380876578897642	0.00016493249270287165	11.112807877001536	0.7380876578897642	-0.4593537268592627	0.00016493249270287165	11.112807877001536	0.7380876578897642	-0.4593537268592627	0.0011357658659107983
57	0.000142630349937884	11.127947657863857	0.7279168521942125	0.000142630349937884	11.127947657863857	0.7279168521942125	-0.45723776347404055	0.000142630349937884	11.127947657863857	0.7279168521942125	-0.45723776347404055	0.008721053585759364
58	0.0001233052533589068	11.142590836234751	0.7180059031312993	0.0001233052533589068	11.142590836234751	0.7180059031312993	-0.45506218477430593	0.0001233052533589068	11.142590836234751	0.7180059031312993	-0.45506218477430593	0.016028982790885493
59	0.00010656628173589573	11.156761105792459	0.7083455171818258	0.00010656628173589573	11.156761105792459	0.7083455171818258	-0.45283343322171277	0.00010656628173589573	11.156761105792459	0.7083455171818258	-0.45283343322171277	0.023067659232765436
60	9.207274719315721e-05	11.170480686024382	0.6989268124126511	9.207274719315721e-05	11.170480686024382	0.6989268124126511	-0.45055744994988345	9.207274719315721e-05	11.170480686024382	0.6989268124126511	-0.45055744994988345	0.029845177137758583
61	7.952792989930071e-05	11.183770434942375	0.6897412981897446	7.952792989930071e-05	11.183770434942375	0.6897412981897446	-0.44823971464802526	7.952792989930071e-05	11.183770434942375	0.6897412981897446	-0.44823971464802526	0.0363695815904066
62	6.867356074727915e-05	11.196649951609034	0.6807808557874324	6.867356074727915e-05	11.196649951609034	0.6807808557874324	-0.4458852819329877	6.867356074727915e-05	11.196649951609034	0.6807808557874324	-0.4458852819329877	0.04264883720315993
63	5.928496880097539e-05	11.209137669534025	0.6720377199105485	5.928496880097539e-05	11.209137669534025	0.6720377199105485	-0.44349881464631835	5.928496880097539e-05	11.209137669534025	0.6720377199105485	-0.44349881464631835	0.048690802228520624
64	5.1166818391227824e-05	11.221250941875423	0.6635044611068963	5.1166818391227824e-05	11.221250941875423	0.6635044611068963	-0.4410846143177878	5.1166818391227824e-05	11.221250941875423	0.6635044611068963	-0.4410846143177878	0.054503207429661416
65	4.4149368296015105e-05	11.23300611927562	0.6551739690523846	4.4149368296015105e-05	11.23300611927562	0.6551739690523846	-0.4386466490541352	4.4149368296015105e-05	11.23300611927562	0.6551739690523846	-0.4386466490541352	0.06009363863267936
66	3.8085192419661915e-05	11.244418621058744	0.6470394366897807	3.8085192419661915e-05	11.244418621058744	0.6470394366897807	-0.43618857916089837	3.8085192419661915e-05	11.244418621058744	0.6470394366897807	-0.43618857916089837	0.06546952332428191
67	3.2846307796074236e-05	11.255503000453174	0.6390943451715714	3.2846307796074236e-05	11.255503000453174	0.6390943451715714	-0.4337137805200655	3.2846307796074236e-05	11.255503000453174	0.6390943451715714	-0.4337137805200655	0.07063811893749516
68	2.8321661593323205e-05	11.266273004397851	0.6313324496146606	2.8321661593323205e-05	11.266273004397851	0.6313324496146606	-0.43122536630653485	2.8321661593323205e-05	11.266273004397851	0.6313324496146606	-0.43122536630653485	0.07560650602681562
69	2.441493411582462e-05	11.276741628471525	0.6237477655857901	2.441493411582462e-05	11.276741628471525	0.6237477655857901	-0.42872620667685624	2.441493411582462e-05	11.276741628471525	0.6237477655857901	-0.42872620667685624	0.08038158118142746
70	2.1042619611988558e-05	11.286921167385845	0.6163345563098233	2.1042619611988558e-05	11.286921167385845	0.6163345563098233	-0.42621894704734586	2.1042619611988558e-05	11.286921167385845	0.6163345563098233	-0.42621894704734586	0.08497005261597224
71	1.813235103345945e-05	11.296823261464498	0.6090873205792207	1.813235103345945e-05	11.296823261464498	0.6090873205792207	-0.42370602492383114	1.813235103345945e-05	11.296823261464498	0.6090873205792207	-0.42370602492383114	0.0893784390646033
72	1.562143878898042e-05	11.306458939472854	0.602000781280708	1.562143878898042e-05	11.306458939472854	0.602000781280708	-0.4211896852548307	1.562143878898042e-05	11.306458939472854	0.602000781280708	-0.4211896852548307	0.09361306668142788
73	1.3455597027399177e-05	11.315838658128662	0.5950698745776322	1.3455597027399177e-05	11.315838658128662	0.5950698745776322	-0.41867199482430806	1.3455597027399177e-05	11.315838658128662	0.5950698745776322	-0.41867199482430806	0.09768007055390626
74	1.158783410260474e-05	11.324972338587727	0.5882897396432725	1.158783410260474e-05	11.324972338587727	0.5882897396432725	-0.41615485527745477	1.158783410260474e-05	11.324972338587727	0.5882897396432725	-0.41615485527745477	0.10158539497933816
75	9.977486653456278e-06	11.333869400182461	0.5816557089575554	9.977486653456278e-06	11.333869400182461	0.5816557089575554	-0.4136400152428905	9.977486653456278e-06	11.333869400182461	0.5816557089575554	-0.4136400152428905	0.10533479425066616
76	8.589379202786425e-06	11.342538791631812	0.5751632991186284	8.589379202786425e-06	11.342538791631812	0.5751632991186284	-0.4111290815862958	8.589379202786425e-06	11.342538791631812	0.5751632991186284	-0.4111290815862958	0.10893383630900644
77	7.393093373940001e-06	11.35098901995634	0.5688082021937078	7.393093373940001e-06	11.35098901995634	0.5688082021937078	-0.4086235299105283	7.393093373940001e-06	11.35098901995634	0.5688082021937078	-0.4086235299105283	0.1123879065271467
78	6.362332765927951e-06	11.359228177299606	0.5625862774543293	6.362332765927951e-06	11.359228177299606	0.5625862774543293	-0.40612471386612015	6.362332765927951e-06	11.359228177299606	0.5625862774543293	-0.40612471386612015	0.11570220877183601
79	5.4743712472934936e-06	11.36726396579886	0.5564935435844234	5.4743712472934936e-06	11.36726396579886	0.5564935435844234	-0.4036338739774692	5.4743712472934936e-06	11.36726396579886	0.5564935435844234	-0.4036338739774692	0.1188817698857747
80	4.709573946067388e-06	11.37510372071558	0.550526171356978	4.709573946067388e-06	11.37510372071558	0.550526171356978	-0.40115214616298545	4.709573946067388e-06	11.37510372071558	0.550526171356978	-0.40115214616298545	0.1219314449117519
81	4.050981551030226e-06	11.382754431922852	0.5446804766071693	4.050981551030226e-06	11.382754431922852	0.5446804766071693	-0.39868056899194926	4.050981551030226e-06	11.382754431922852	0.5446804766071693	-0.39868056899194926	0.12485592046868987
82	3.4839497178467967e-06	11.390222763903253	0.5389529136066358	3.4839497178467967e-06	11.390222763903253	0.5389529136066358	-0.39622009056574825	3.4839497178467967e-06	11.390222763903253	0.5389529136066358	-0.39622009056574825	0.1276597164105624
83	2.9958364095340314e-06	11.397515074379681	0.5333400689095811	2.9958364095340314e-06	11.397515074379681	0.5333400689095811	-0.3937715758684135	2.9958364095340314e-06	11.397515074379681	0.5333400689095811	-0.3937715758684135	0.13034719874849543
84	2.575730910931998e-06	11.40463743169814	0.5278386551972005	2.575730910931998e-06	11.40463743169814	0.5278386551972005	-0.391335811398676	2.575730910931998e-06	11.40463743169814	0.5278386551972005	-0.391335811398676	0.13292257192370016
85	2.214219055445659e-06	11.411595630992577	0.5224455059297668	2.214219055445659e-06	11.411595630992577	0.5224455059297668	-0.3889135123554297	2.214219055445659e-06	11.411595630992577	0.5224455059297668	-0.3889135123554297	0.13538989578955807
86	1.9031799022279457e-06	11.418395209351038	0.5171575697264359	1.9031799022279457e-06	11.418395209351038	0.5171575697264359	-0.3865053264744347	1.9031799022279457e-06	11.418395209351038	0.5171575697264359	-0.3865053264744347	0.13775308203184977
87	1.635609715130345e-06	11.425041459921895	0.5119719054666518	1.635609715130345e-06	11.425041459921895	0.5119719054666518	-0.3841118393952456	1.635609715130345e-06	11.425041459921895	0.5119719054666518	-0.3841118393952456	0.14001589961117133
88	1.4054696311593423e-06	11.431539445153975	0.506885677410736	1.4054696311593423e-06	11.431539445153975	0.506885677410736	-0.3817335792527956	1.4054696311593423e-06	11.431539445153975	0.506885677410736	-0.3817335792527956	0.14218198391608894
89	1.207553874854556e-06	11.437894009145282	0.501896150713776	1.207553874854556e-06	11.437894009145282	0.501896150713776	-0.37937102068872264	1.207553874854556e-06	11.437894009145282	0.501896150713776	-0.37937102068872264	0.1442548373452155
90	1.0373757847844237e-06	11.44410978924024	0.49700068694593824	1.0373757847844237e-06	11.44410978924024	0.49700068694593824	-0.37702458830062824	1.0373757847844237e-06	11.44410978924024	0.49700068694593824	-0.37702458830062824	0.14623783167917281
91	8.910692758628695e-07	11.450191226863353	0.4921967401363645	8.910692758628695e-07	11.450191226863353	0.4921967401363645	-0.374694661274134	8.910692758628695e-07	11.450191226863353	0.4921967401363645	-0.374694661274134	0.14813422205043025
92	7.65303672808193e-07	11.456142577747867	0.4874818526742217	7.65303672808193e-07	11.456142577747867	0.4874818526742217	-0.3723815751491202	7.65303672808193e-07	11.456142577747867	0.4874818526742217	-0.3723815751491202	0.14994713771739043
93	6.572101221069657e-07	11.461967921403568	0.4828536518554074	6.572101221069657e-07	11.461967921403568	0.4828536518554074	-0.3700856268660573	6.572101221069657e-07	11.461967921403568	0.4828536518554074	-0.3700856268660573	0.15167960021062754
94	5.643180264442747e-07	11.467671170183044	0.4783098460125075	5.643180264442747e-07	11.467671170183044	0.4783098460125075	-0.3678070751575433	5.643180264442747e-07	11.467671170183044	0.4783098460125075	-0.3678070751575433	0.15333451185142621
95	4.845001516475463e-07	11.473256077671573	0.4738482214404769	4.845001516475463e-07	11.473256077671573	0.4738482214404769	-0.36554614609303826	4.845001516475463e-07	11.473256077671573	0.4738482214404769	-0.36554614609303826	0.15491467685205862
96	4.159252355450461e-07	11.478726246556786	0.46946663882852135	4.159252355450461e-07	11.478726246556786	0.46946663882852135	-0.36330303261320296	4.159252355450461e-07	11.478726246556786	0.46946663882852135	-0.36330303261320296	0.15642279073654208
97	3.5701708413271933e-07	11.484085136195782	0.4651630309316488	3.5701708413271933e-07	11.484085136195782	0.4651630309316488	-0.3610779006221492	3.5701708413271933e-07	11.484085136195782	0.4651630309316488	-0.3610779006221492	0.15786145823949482
98	3.0641927567488264e-07	11.489336069605201	0.46093539834174635	3.0641927567488264e-07	11.489336069605201	0.46093539834174635	-0.3588708834981844	3.0641927567488264e-07	11.489336069605201	0.46093539834174635	-0.3588708834981844	0.15923315698455554
99	2.6296471141956963e-07	11.49448223984965	0.45678180869754215	2.6296471141956963e-07	11.49448223984965	0.45678180869754215	-0.3566820979026488	2.6296471141956963e-07	11.49448223984965	0.45678180869754215	-0.3566820979026488	0.16054033575346693
100	2.2564935345749885e-07	11.49952671678893	0.4527003921073174	2.2564935345749885e-07	11.49952671678893	0.4527003921073174	-0.35451162985782503	2.2564935345749885e-07	11.49952671678893	0.4527003921073174	-0.35451162985782503	0.16178529600438196
101	1.936095791736529e-07	11.504472452381785	0.4486893395453535	1.936095791736529e-07	11.504472452381785	0.4486893395453535	-0.3523595477067829	1.936095791736529e-07	11.504472452381785	0.4486893395453535	-0.3523595477067829	0.16297028292319737
102	1.6610265851330458e-07	11.509322286495133	0.4447469005353071	1.6610265851330458e-07	11.509322286495133	0.4447469005353071	-0.35022589753998545	1.6610265851330458e-07	11.509322286495133	0.4447469005353071	-0.35022589753998545	0.16409744559496175
103	1.424899271205958e-07	11.514078952414064	0.4408713802591535	1.424899271205958e-07	11.514078952414064	0.4408713802591535	-0.34811070709884007	1.424899271205958e-07	11.514078952414064	0.4408713802591535	-0.34811070709884007	0.1651688560086768
104	1.2222228597389519e-07	11.518745081260425	0.4370611377404998	1.2222228597389519e-07	11.518745081260425	0.4370611377404998	-0.3460139854000772	1.2222228597389519e-07	11.518745081260425	0.4370611377404998	-0.3460139854000772	0.16618650428426918
105	1.0482770849773914e-07	11.523323206909815	0.4333145849207085	1.0482770849773914e-07	11.523323206909815	0.4333145849207085	-0.34393573145598566	1.0482770849773914e-07	11.523323206909815	0.4333145849207085	-0.34393573145598566	0.16715232850401662
106	8.990047927228894e-08	11.527815770618826	0.4296301828200626	8.990047927228894e-08	11.527815770618826	0.4296301828200626	-0.34187592877151474	8.990047927228894e-08	11.527815770618826	0.4296301828200626	-0.34187592877151474	0.16806821362115443
107	7.709192616676885e-08	11.532225124676156	0.42600643999105614	7.709192616676885e-08	11.532225124676156	0.42600643999105614	-0.33983454013286973	7.709192616676885e-08	11.532225124676156	0.42600643999105614	-0.33983454013286973	0.16893590409017634
108	6.610244008878131e-08	11.5365535369327	0.4224419129862724	6.610244008878131e-08	11.5365535369327	0.4224419129862724	-0.33781153126801655	6.610244008878131e-08	11.5365535369327	0.4224419129862724	-0.33781153126801655	0.1697572023695102
109	5.667460467209948e-08	11.540803194532257	0.4189351981293328	5.667460467209948e-08	11.540803194532257	0.4189351981293328	-0.33580682490264735	5.667460467209948e-08	11.540803194532257	0.4189351981293328	-0.33580682490264735	0.1705336017475929
110	4.8587282679963865e-08	11.544976206697656	0.41548494074615405	4.8587282679963865e-08	11.544976206697656	0.41548494074615405	-0.33382037880437565	4.8587282679963865e-08	11.544976206697656	0.41548494074615405	-0.33382037880437565	0.17126692360034212
111	4.1650526657759056e-08	11.549074609317678	0.4120898211286317	4.1650526657759056e-08	11.549074609317678	0.4120898211286317	-0.3318520948000696	4.1650526657759056e-08	11.549074609317678	0.4120898211286317	-0.3318520948000696	0.17195850481220987
112	3.570119972902699e-08	11.55310036694064	0.40874856577494256	3.570119972902699e-08	11.55310036694064	0.40874856577494256	-0.32990191022645377	3.570119972902699e-08	11.55310036694064	0.40874856577494256	-0.32990191022645377	0.17261001616134308
113	3.059920804522534e-08	11.557055376527465	0.4054599320421062	3.059920804522534e-08	11.557055376527465	0.4054599320421062	-0.32796970933623015	3.059920804522534e-08	11.557055376527465	0.4054599320421062	-0.32796970933623015	0.17322270583827049
114	2.622426006274942e-08	11.560941469905284	0.40222272262982983	2.622426006274942e-08	11.560941469905284	0.40222272262982983	-0.3260554269509157	2.622426006274942e-08	11.560941469905284	0.40222272262982983	-0.3260554269509157	0.17379825036914553
115	2.247307921523941e-08	11.564760417572412	0.3990357650709484	2.247307921523941e-08	11.564760417572412	0.3990357650709484	-0.32415890586025853	2.247307921523941e-08	11.564760417572412	0.3990357650709484	-0.32415890586025853	0.17433755793899763
116	1.925700715146251e-08	11.56851392878484	0.3958979319354796	1.925700715146251e-08	11.56851392878484	0.3958979319354796	-0.3222800727826325	1.925700715146251e-08	11.56851392878484	0.3958979319354796	-0.3222800727826325	0.17484222461644094
117	1.6499942901333166e-08	11.572203658027288	0.3928081197768165	1.6499942901333166e-08	11.572203658027288	0.3928081197768165	-0.32041879335110934	1.6499942901333166e-08	11.572203658027288	0.3928081197768165	-0.32041879335110934	0.17531341771245934
118	1.4136571309053836e-08	11.575831202955131	0.38976526120995914	1.4136571309053836e-08	11.575831202955131	0.38976526120995914	-0.3185749283916266	1.4136571309053836e-08	11.575831202955131	0.38976526120995914	-0.3185749283916266	0.17575217116973363
119	1.211084023056522e-08	11.579398110716788	0.38676832158074603	1.211084023056522e-08	11.579398110716788	0.38676832158074603	-0.3167483820157031	1.211084023056522e-08	11.579398110716788	0.38676832158074603	-0.3167483820157031	0.17615989499608986
