m	n_BS
14	196
[n1, n2]	phi	psi	eta
9	11	0.54625	1.04496	0.49698
4	8	2.65101	3.05137	0.49177
0	8	0.18722	1.34301	0.31103
1	3	1.37374	2.51981	0.49823
3	11	3.17524	0.36842	0.15274
6	7	0.16673	2.38116	0.29892
8	12	1.24933	6.19088	0.2541
3	11	4.08334	1.66632	0.13163
7	10	3.42397	4.92646	0.49941
7	11	1.38507	2.8589	0.45702
7	12	3.70247	2.65783	0.43446
0	1	5.0858	6.015	0.27
3	4	0.04083	6.25443	0.35229
6	11	5.06311	3.492	0.42812
3	4	4.38654	4.51389	0.32429
9	10	2.13786	0.97262	0.29279
5	7	0.97691	1.86427	0.03833
5	6	6.01435	6.08658	0.34778
8	11	2.11489	3.6391	0.49848
7	11	0.58274	3.40671	0.22736
3	4	0.60769	4.69967	0.1134
1	11	5.32496	0.35918	0.48205
3	5	3.79332	3.6705	0.45902
1	11	5.07134	3.1595	0.28678
8	12	4.58504	5.3578	0.40785
2	11	3.36922	0.98918	0.49992
7	11	6.11427	6.03675	0.34681
4	11	2.3784	0.50336	0.4411
9	12	3.46857	1.16757	0.00871
8	9	5.2113	3.73872	0.35248
1	4	3.88627	4.24249	0.3306
3	13	5.41426	1.47783	0.16432
3	4	3.62761	0.75327	0.48624
2	5	4.42696	5.59384	0.26244
0	4	0.28792	1.54702	0.06584
8	11	1.43193	3.73547	0.4992
2	4	1.81828	3.89169	0.07856
4	8	0.50135	2.63407	0.35266
2	11	1.46267	3.66732	0.22932
10	13	0.63461	3.28474	0.49533
7	12	1.74656	5.87293	0.29209
1	13	3.99412	1.2834	0.4323
0	9	2.29231	4.49997	0.01901
4	7	2.32592	1.49971	0.47769
2	5	1.31637	2.4868	0.07816
0	4	1.67747	4.22035	0.16726
7	13	5.88517	1.88494	0.46901
1	13	4.07173	1.9866	0.38598
1	6	3.82728	4.7241	0.49994
1	7	1.0753	0.4558	0.25375
9	10	4.58124	2.87949	0.49436
0	10	1.02669	6.27347	0.15867
9	12	2.38419	6.25866	0.36053
1	4	6.21736	0.46031	0.49842
1	3	4.02124	1.33929	0.36361
8	12	3.49942	1.6663	0.35047
6	9	4.30156	5.86384	0.45397
9	12	5.29579	5.53463	0.33556
3	9	4.87575	5.52462	0.49888
8	12	1.43915	2.32181	0.46088
6	7	0.20169	0.99115	0.37979
4	7	1.98205	5.23857	0.12051
9	13	1.68227	4.42047	0.39093
4	6	1.32564	3.84328	0.37683
0	9	5.92448	6.20297	0.42192
1	11	5.50638	4.10905	0.49603
3	12	1.97718	0.04915	0.21058
3	10	4.11824	5.13402	0.33214
4	10	2.48583	1.88105	0.41002
1	2	5.74627	4.16819	0.3985
2	3	2.88305	5.89947	0.10021
1	8	1.66429	0.84378	0.47908
0	2	1.54961	0.72526	0.49553
6	7	3.52718	0.67253	0.4826
9	11	1.65085	3.47601	0.30251
4	7	3.67306	1.71121	0.48435
0	3	5.64119	3.80026	0.14726
4	11	2.50951	4.50889	0.48266
4	11	1.37803	1.27924	0.4086
7	13	6.26771	3.98503	0.21752
1	10	3.20145	1.65866	0.33581
3	4	0.5712	3.06954	0.46511
9	10	0.29604	5.6884	0.00926
10	12	0.68895	5.31623	0.44675
3	6	3.94236	0.57993	0.34967
1	8	4.97678	2.66141	0.22216
3	10	2.65251	1.73843	0.07289
2	4	0.39916	0.02228	0.48391
2	13	2.39778	4.84508	0.3563
0	1	6.25882	4.0031	0.49476
2	12	3.32452	1.64591	0.47392
4	9	6.10147	4.65729	0.31936
11	13	5.40844	3.46631	0.31801
4	9	0.07214	2.68724	0.48988
1	7	4.52843	0.06076	0.04553
7	11	4.28331	0.47277	0.43519
4	11	3.37388	5.54872	0.42288
4	6	1.67651	5.67955	0.47758
1	9	4.02728	3.42804	0.24779
0	6	0.7009	5.24392	0.49738
5	11	2.73171	3.66002	0.19515
4	9	2.85083	0.9305	0.46357
0	1	5.993	0.80076	0.04231
3	10	5.50315	1.93684	0.47254
0	12	1.65492	5.64847	0.4898
10	13	3.14528	5.00218	0.04252
4	9	1.1225	5.40795	0.45056
0	12	5.73421	5.64811	0.20676
2	12	5.46963	1.31995	0.49638
7	8	1.87518	1.56784	0.07866
7	10	4.01464	0.64587	0.46437
2	4	3.82627	4.90161	0.30851
6	9	0.96032	5.55518	0.42783
10	13	4.791	2.55334	0.34086
1	7	3.38902	3.89973	0.46438
5	7	4.89225	0.97109	0.35131
5	6	3.33231	5.84261	0.25191
5	10	0.00359	5.43248	0.35607
1	13	2.03673	6.13368	0.12724
2	5	0.12238	5.09423	0.03043
6	11	5.8377	5.5381	0.49617
4	7	5.52117	0.15574	0.00014
6	10	5.22551	4.62797	0.44547
12	13	1.93217	2.08718	0.4454
0	8	0.36395	5.84849	0.31722
1	7	5.5167	5.04059	0.44425
4	5	5.94986	5.42907	0.34882
1	5	0.53818	5.09409	0.07882
6	12	3.05357	1.67639	0.29308
8	13	0.43488	4.94722	0.03199
0	13	4.779	0.67918	0.23032
10	13	4.81188	5.47999	0.19311
7	8	0.80671	5.3947	0.4308
0	6	2.98629	1.39759	0.48994
3	8	3.45452	5.13076	0.31624
5	9	1.6654	2.89217	0.405
7	12	5.48166	1.91757	0.3343
7	10	2.65865	4.9973	0.25153
0	12	1.33077	1.43002	0.47189
3	4	3.3885	0.14869	0.35585
2	8	4.58629	1.21347	0.17605
4	7	1.26387	2.06253	0.26884
7	11	1.95857	5.43089	0.0553
0	1	6.25271	6.07514	0.16656
9	10	4.0833	1.75379	0.04029
3	12	2.75266	4.03055	0.41526
2	11	3.25202	2.51125	0.42438
4	8	0.76029	6.16475	0.06551
0	8	1.41182	3.36914	0.47388
1	6	2.12425	5.9014	0.3902
3	13	3.69645	0.72471	0.11824
1	7	1.44585	6.09721	0.413
1	10	1.38367	1.12197	0.46058
2	13	0.44606	6.04778	0.15735
7	11	3.96534	1.66797	0.32772
4	8	1.43848	0.68111	0.22658
4	11	5.68892	2.73044	0.47533
6	13	5.40125	4.57758	0.1856
3	7	0.44521	1.97089	0.02537
2	8	1.49543	3.80892	0.31551
3	6	4.20331	3.21337	0.44349
8	9	1.34609	2.42025	0.4874
2	11	0.83134	3.62281	0.45923
1	13	5.87801	1.60047	0.49991
4	12	3.58797	4.45343	0.43908
12	13	2.96988	0.01063	0.22759
5	6	4.92991	5.81556	0.26481
8	12	5.07365	3.38319	0.16276
4	13	1.19638	4.52031	0.06144
0	4	0.60903	4.66181	0.45532
4	11	2.70837	4.21368	0.25627
9	13	2.66142	2.28847	0.39765
9	10	2.9344	0.43966	0.48977
7	13	4.58092	4.17353	0.37109
2	7	4.23087	2.07471	0.05413
7	8	6.18369	1.97239	0.37514
8	12	0.61838	5.32824	0.28338
6	8	2.52974	4.52235	0.49641
5	7	2.1319	1.88698	0.49933
3	13	5.41405	1.94329	0.48979
3	11	1.56235	2.56601	0.37399
6	9	1.19512	2.52836	0.37338
3	13	2.81872	1.85766	0.22459
6	12	2.65076	0.79977	0.25353
0	5	1.75015	2.64174	0.13445
7	11	1.56958	5.90848	0.18168
11	12	5.80105	4.25571	0.34667
10	12	2.78427	5.67249	0.49693
10	13	5.41202	3.86739	0.47026
2	7	3.4578	1.89092	0.4643
0	2	0.31786	3.44279	0.04502
8	9	6.27868	0.00255	0.22566
5	13	5.25292	1.80273	0.27035
1	13	6.08838	2.70107	0.30908
7	13	5.82054	3.64415	0.29664
1	8	5.33251	4.11364	0.43841
